Output/output1.asc
NCOLS          206       
NROWS          108       
XLLCENTER      5940.22   
YLLCENTER      25844.17  
DX             200.00    
DY             200.00    
NODATA_VALUE   -999.00   
[rows 37 to 73 of 108, columns 82 to 163 of 206]
5.70 5.82 5.94 6.06 6.18 6.31 6.44 6.57 6.70 6.83 6.97 7.11 7.25 7.39 7.53 7.68 7.83 7.98 8.14 8.29 8.45 8.61 8.77 8.94 9.11 9.28 9.45 9.63 9.80 9.98 10.17 10.35 10.54 10.73 10.93 11.13 11.33 11.53 11.73 11.94 12.15 12.37 12.59 12.81 13.03 13.26 13.49 13.72 13.96 14.20 14.44 14.68 14.93 15.19 15.44 15.70 15.96 16.23 16.49 16.76 17.04 17.32 17.60 17.88 18.17 18.46 18.75 19.05 19.35 19.65 19.96 20.26 20.57 20.89 21.20 21.52 21.85 22.17 22.50 22.82 23.16 23.49
5.59 5.70 5.81 5.93 6.05 6.16 6.29 6.41 6.53 6.66 6.79 6.92 7.05 7.19 7.32 7.46 7.60 7.75 7.89 8.04 8.19 8.35 8.50 8.66 8.82 8.98 9.15 9.31 9.48 9.66 9.83 10.01 10.19 10.38 10.56 10.75 10.94 11.14 11.34 11.54 11.74 11.95 12.16 12.38 12.59 12.81 13.04 13.26 13.49 13.73 13.96 14.20 14.44 14.69 14.94 15.19 15.45 15.71 15.97 16.24 16.51 16.78 17.06 17.34 17.62 17.91 18.20 18.49 18.79 19.09 19.39 19.69 20.00 20.31 20.63 20.95 21.27 21.59 21.91 22.24 22.57 22.91
5.48 5.58 5.69 5.80 5.91 6.02 6.14 6.25 6.37 6.49 6.61 6.73 6.86 6.99 7.12 7.25 7.38 7.52 7.66 7.80 7.94 8.08 8.23 8.38 8.53 8.69 8.85 9.01 9.17 9.33 9.50 9.67 9.84 10.02 10.20 10.38 10.57 10.75 10.95 11.14 11.34 11.54 11.74 11.95 12.16 12.37 12.59 12.81 13.03 13.26 13.49 13.72 13.96 14.20 14.44 14.69 14.94 15.20 15.46 15.72 15.98 16.25 16.52 16.80 17.08 17.36 17.65 17.94 18.23 18.53 18.83 19.13 19.43 19.74 20.06 20.37 20.69 21.01 21.34 21.66 21.99 22.32
5.37 5.47 5.57 5.67 5.78 5.88 5.99 6.10 6.21 6.32 6.43 6.55 6.67 6.79 6.91 7.03 7.16 7.29 7.42 7.55 7.69 7.83 7.96 8.11 8.25 8.40 8.55 8.70 8.85 9.01 9.17 9.33 9.50 9.67 9.84 10.02 10.19 10.37 10.56 10.74 10.93 11.13 11.32 11.52 11.73 11.93 12.14 12.36 12.57 12.80 13.02 13.25 13.48 13.71 13.95 14.19 14.44 14.69 14.94 15.20 15.46 15.72 15.99 16.26 16.54 16.82 17.10 17.39 17.68 17.97 18.27 18.57 18.87 19.18 19.49 19.80 20.12 20.44 20.76 21.09 21.41 21.75
5.27 5.36 5.45 5.55 5.65 5.74 5.84 5.95 6.05 6.15 6.26 6.37 6.48 6.59 6.71 6.83 6.94 7.06 7.19 7.31 7.44 7.57 7.70 7.84 7.97 8.11 8.25 8.40 8.55 8.69 8.85 9.00 9.16 9.32 9.49 9.65 9.82 10.00 10.17 10.35 10.54 10.72 10.91 11.10 11.30 11.50 11.70 11.91 12.12 12.34 12.55 12.78 13.00 13.23 13.46 13.70 13.94 14.19 14.43 14.69 14.94 15.20 15.47 15.73 16.00 16.28 16.56 16.84 17.13 17.42 17.71 18.01 18.31 18.61 18.92 19.23 19.55 19.87 20.19 20.51 20.84 21.17
5.16 5.25 5.34 5.43 5.52 5.61 5.70 5.80 5.89 5.99 6.09 6.19 6.30 6.40 6.51 6.62 6.73 6.84 6.96 7.08 7.20 7.32 7.44 7.57 7.70 7.83 7.96 8.10 8.24 8.38 8.53 8.67 8.83 8.98 9.14 9.29 9.46 9.62 9.79 9.97 10.14 10.32 10.50 10.69 10.88 11.07 11.27 11.47 11.67 11.88 12.09 12.31 12.53 12.75 12.98 13.21 13.45 13.69 13.93 14.18 14.43 14.68 14.94 15.21 15.47 15.74 16.02 16.30 16.58 16.87 17.16 17.45 17.75 18.06 18.36 18.67 18.98 19.30 19.62 19.94 20.27 20.60
5.06 5.14 5.22 5.31 5.39 5.48 5.56 5.65 5.74 5.83 5.92 6.02 6.12 6.21 6.31 6.42 6.52 6.63 6.73 6.84 6.96 7.07 7.19 7.31 7.43 7.55 7.68 7.81 7.94 8.07 8.21 8.35 8.49 8.64 8.79 8.94 9.10 9.25 9.42 9.58 9.75 9.92 10.10 10.28 10.46 10.65 10.84 11.03 11.23 11.43 11.64 11.85 12.06 12.28 12.50 12.73 12.96 13.19 13.43 13.67 13.92 14.17 14.42 14.68 14.95 15.21 15.49 15.76 16.04 16.33 16.61 16.91 17.20 17.50 17.80 18.11 18.42 18.74 19.06 19.38 19.70 20.03
4.96 5.04 5.11 5.19 5.27 5.35 5.43 5.51 5.59 5.67 5.76 5.85 5.94 6.03 6.12 6.22 6.31 6.41 6.51 6.61 6.72 6.83 6.94 7.05 7.16 7.28 7.40 7.52 7.64 7.77 7.90 8.03 8.17 8.31 8.45 8.59 8.74 8.89 9.05 9.20 9.37 9.53 9.70 9.87 10.05 10.23 10.41 10.60 10.79 10.99 11.19 11.39 11.60 11.81 12.03 12.25 12.47 12.70 12.94 13.17 13.42 13.66 13.91 14.17 14.43 14.69 14.96 15.23 15.51 15.79 16.07 16.36 16.65 16.95 17.25 17.56 17.87 18.18 18.50 18.82 19.14 19.47
4.87 4.94 5.01 5.08 5.15 5.22 5.29 5.37 5.44 5.52 5.60 5.68 5.76 5.85 5.93 6.02 6.11 6.20 6.29 6.39 6.49 6.59 6.69 6.79 6.90 7.01 7.12 7.23 7.35 7.47 7.59 7.72 7.84 7.98 8.11 8.25 8.39 8.53 8.68 8.83 8.99 9.14 9.31 9.47 9.64 9.82 9.99 10.17 10.36 10.55 10.74 10.94 11.14 11.35 11.56 11.77 11.99 12.22 12.45 12.68 12.92 13.16 13.40 13.66 13.91 14.17 14.43 14.70 14.98 15.25 15.54 15.82 16.11 16.41 16.71 17.01 17.32 17.63 17.94 18.26 18.59 18.91
4.78 4.84 4.90 4.96 5.03 5.09 5.16 5.23 5.30 5.37 5.44 5.52 5.59 5.67 5.75 5.83 5.91 5.99 6.08 6.17 6.26 6.35 6.44 6.54 6.64 6.74 6.85 6.95 7.06 7.17 7.29 7.41 7.53 7.65 7.78 7.91 8.04 8.18 8.32 8.46 8.61 8.76 8.92 9.08 9.24 9.41 9.58 9.75 9.93 10.12 10.30 10.50 10.69 10.89 11.10 11.31 11.52 11.74 11.96 12.19 12.42 12.66 12.90 13.15 13.40 13.66 13.92 14.18 14.45 14.73 15.00 15.29 15.58 15.87 16.16 16.47 16.77 17.08 17.39 17.71 18.03 18.36
4.68 4.74 4.80 4.86 4.91 4.97 5.03 5.10 5.16 5.22 5.29 5.36 5.43 5.50 5.57 5.64 5.72 5.79 5.87 5.95 6.03 6.12 6.21 6.30 6.39 6.48 6.58 6.68 6.78 6.88 6.99 7.10 7.21 7.33 7.45 7.57 7.70 7.83 7.96 8.10 8.24 8.39 8.54 8.69 8.84 9.00 9.17 9.34 9.51 9.69 9.87 10.06 10.25 10.44 10.64 10.85 11.05 11.27 11.49 11.71 11.94 12.17 12.41 12.65 12.90 13.15 13.41 13.67 13.93 14.20 14.48 14.76 15.04 15.33 15.63 15.93 16.23 16.54 16.85 17.17 17.49 17.81
4.60 4.65 4.70 4.75 4.80 4.86 4.91 4.97 5.02 5.08 5.14 5.20 5.26 5.33 5.39 5.46 5.52 5.59 5.67 5.74 5.81 5.89 5.97 6.05 6.14 6.23 6.31 6.41 6.50 6.60 6.70 6.80 6.91 7.02 7.13 7.25 7.37 7.49 7.61 7.75 7.88 8.02 8.16 8.30 8.45 8.61 8.77 8.93 9.10 9.27 9.44 9.62 9.81 10.00 10.19 10.39 10.59 10.80 11.02 11.23 11.46 11.68 11.92 12.16 12.40 12.65 12.90 13.16 13.42 13.69 13.96 14.24 14.52 14.81 15.10 15.40 15.70 16.00 16.31 16.63 16.95 17.27
4.51 4.56 4.60 4.65 4.69 4.74 4.79 4.84 4.89 4.94 4.99 5.05 5.10 5.16 5.22 5.28 5.34 5.40 5.46 5.53 5.60 5.67 5.74 5.82 5.89 5.97 6.06 6.14 6.23 6.32 6.41 6.51 6.61 6.71 6.81 6.92 7.04 7.15 7.27 7.39 7.52 7.65 7.79 7.93 8.07 8.22 8.37 8.53 8.69 8.85 9.02 9.20 9.37 9.56 9.75 9.94 10.14 10.34 10.55 10.76 10.98 11.21 11.43 11.67 11.91 12.15 12.40 12.65 12.91 13.18 13.45 13.72 14.00 14.29 14.58 14.87 15.17 15.47 15.78 16.09 16.41 16.73
4.43 4.47 4.51 4.55 4.59 4.63 4.67 4.72 4.76 4.80 4.85 4.90 4.95 5.00 5.05 5.10 5.16 5.21 5.27 5.33 5.39 5.45 5.52 5.59 5.66 5.73 5.80 5.88 5.96 6.04 6.13 6.22 6.31 6.41 6.50 6.61 6.71 6.82 6.93 7.05 7.17 7.29 7.42 7.56 7.69 7.83 7.98 8.13 8.28 8.44 8.61 8.77 8.95 9.13 9.31 9.50 9.69 9.89 10.09 10.30 10.52 10.73 10.96 11.19 11.42 11.66 11.91 12.16 12.41 12.68 12.94 13.21 13.49 13.77 14.06 14.35 14.65 14.95 15.26 15.57 15.88 16.21
4.35 4.38 4.42 4.45 4.49 4.52 4.56 4.60 4.63 4.67 4.71 4.75 4.80 4.84 4.88 4.93 4.98 5.03 5.08 5.13 5.18 5.24 5.30 5.36 5.42 5.49 5.56 5.63 5.70 5.78 5.85 5.94 6.02 6.11 6.20 6.30 6.39 6.50 6.60 6.71 6.83 6.94 7.07 7.19 7.32 7.46 7.60 7.74 7.89 8.04 8.20 8.36 8.53 8.70 8.88 9.06 9.25 9.44 9.64 9.85 10.06 10.27 10.49 10.71 10.95 11.18 11.42 11.67 11.92 12.18 12.44 12.71 12.99 13.27 13.55 13.84 14.13 14.43 14.74 15.05 15.36 15.68
4.27 4.30 4.33 4.36 4.39 4.42 4.45 4.48 4.51 4.54 4.58 4.61 4.65 4.69 4.72 4.76 4.80 4.85 4.89 4.94 4.98 5.03 5.08 5.14 5.19 5.25 5.31 5.38 5.44 5.51 5.58 5.66 5.74 5.82 5.90 5.99 6.08 6.18 6.28 6.38 6.49 6.60 6.71 6.83 6.96 7.09 7.22 7.36 7.50 7.65 7.80 7.96 8.12 8.28 8.46 8.63 8.82 9.01 9.20 9.40 9.60 9.81 10.03 10.25 10.48 10.71 10.95 11.19 11.44 11.69 11.95 12.22 12.49 12.76 13.05 13.33 13.63 13.92 14.23 14.54 14.85 15.17
4.20 4.22 4.25 4.27 4.29 4.32 4.34 4.37 4.39 4.42 4.45 4.48 4.51 4.54 4.57 4.60 4.64 4.67 4.71 4.75 4.79 4.83 4.88 4.92 4.97 5.02 5.08 5.13 5.19 5.26 5.32 5.39 5.46 5.53 5.61 5.69 5.78 5.87 5.96 6.06 6.16 6.26 6.37 6.48 6.60 6.72 6.85 6.98 7.12 7.26 7.41 7.56 7.71 7.87 8.04 8.21 8.39 8.57 8.76 8.96 9.16 9.36 9.57 9.79 10.01 10.24 10.48 10.71 10.96 11.21 11.47 11.73 12.00 12.27 12.55 12.84 13.13 13.42 13.72 14.03 14.34 14.66
4.13 4.15 4.17 4.18 4.20 4.22 4.24 4.26 4.28 4.30 4.32 4.34 4.37 4.39 4.42 4.44 4.47 4.50 4.53 4.56 4.60 4.63 4.67 4.71 4.76 4.80 4.85 4.90 4.95 5.01 5.06 5.12 5.19 5.26 5.33 5.40 5.48 5.56 5.65 5.74 5.83 5.93 6.03 6.14 6.25 6.37 6.49 6.61 6.74 6.88 7.02 7.17 7.32 7.47 7.63 7.80 7.97 8.15 8.34 8.52 8.72 8.92 9.13 9.34 9.56 9.78 10.01 10.25 10.49 10.74 10.99 11.25 11.52 11.79 12.06 12.35 12.63 12.93 13.23 13.53 13.84 14.16
4.06 4.08 4.09 4.10 4.11 4.13 4.14 4.15 4.17 4.18 4.20 4.22 4.23 4.25 4.27 4.29 4.31 4.34 4.36 4.39 4.41 4.44 4.47 4.51 4.54 4.58 4.62 4.67 4.71 4.76 4.81 4.87 4.92 4.99 5.05 5.12 5.19 5.26 5.34 5.43 5.52 5.61 5.70 5.80 5.91 6.02 6.13 6.25 6.38 6.51 6.64 6.78 6.93 7.08 7.23 7.40 7.56 7.74 7.92 8.10 8.29 8.49 8.69 8.90 9.11 9.33 9.56 9.79 10.03 10.27 10.52 10.78 11.04 11.31 11.58 11.86 12.15 12.44 12.74 13.04 13.35 13.66
4.00 4.01 4.01 4.02 4.03 4.04 4.05 4.05 4.06 4.07 4.08 4.09 4.10 4.12 4.13 4.14 4.16 4.18 4.19 4.21 4.23 4.26 4.28 4.31 4.34 4.37 4.40 4.44 4.48 4.52 4.57 4.62 4.67 4.72 4.78 4.84 4.91 4.97 5.05 5.12 5.21 5.29 5.38 5.47 5.57 5.68 5.79 5.90 6.02 6.14 6.27 6.41 6.55 6.69 6.84 7.00 7.16 7.33 7.50 7.68 7.87 8.06 8.26 8.46 8.67 8.89 9.11 9.34 9.58 9.82 10.06 10.32 10.58 10.84 11.11 11.39 11.67 11.96 12.26 12.56 12.87 13.18
3.94 3.94 3.94 3.95 3.95 3.95 3.96 3.96 3.96 3.96 3.97 3.97 3.98 3.99 3.99 4.00 4.01 4.02 4.03 4.05 4.06 4.08 4.10 4.12 4.14 4.17 4.19 4.22 4.26 4.29 4.33 4.37 4.42 4.46 4.51 4.57 4.63 4.69 4.76 4.83 4.90 4.98 5.07 5.15 5.25 5.34 5.45 5.56 5.67 5.79 5.91 6.04 6.17 6.31 6.46 6.61 6.77 6.93 7.10 7.28 7.46 7.64 7.84 8.04 8.24 8.46 8.68 8.90 9.13 9.37 9.61 9.86 10.12 10.38 10.65 10.93 11.21 11.49 11.79 12.08 12.39 12.70
3.88 3.88 3.88 3.88 3.87 3.87 3.87 3.87 3.86 3.86 3.86 3.86 3.86 3.86 3.86 3.86 3.87 3.87 3.88 3.88 3.89 3.90 3.92 3.93 3.95 3.97 3.99 4.01 4.04 4.07 4.10 4.13 4.17 4.21 4.26 4.31 4.36 4.41 4.48 4.54 4.61 4.68 4.76 4.84 4.93 5.02 5.12 5.22 5.33 5.44 5.56 5.68 5.81 5.94 6.08 6.23 6.38 6.54 6.71 6.88 7.05 7.24 7.43 7.62 7.82 8.03 8.25 8.47 8.70 8.93 9.17 9.42 9.67 9.93 10.20 10.47 10.75 11.03 11.32 11.62 11.92 12.23
3.83 3.82 3.82 3.81 3.80 3.79 3.79 3.78 3.77 3.76 3.76 3.75 3.74 3.74 3.73 3.73 3.73 3.73 3.73 3.73 3.73 3.74 3.74 3.75 3.76 3.77 3.79 3.80 3.82 3.85 3.87 3.90 3.93 3.97 4.01 4.05 4.10 4.15 4.20 4.26 4.32 4.39 4.46 4.54 4.62 4.70 4.79 4.89 4.99 5.10 5.21 5.33 5.45 5.58 5.72 5.86 6.01 6.16 6.32 6.49 6.66 6.84 7.02 7.21 7.41 7.62 7.83 8.04 8.27 8.50 8.74 8.98 9.23 9.49 9.75 10.02 10.30 10.58 10.87 11.16 11.46 11.77
3.78 3.77 3.76 3.74 3.73 3.72 3.71 3.69 3.68 3.67 3.66 3.65 3.63 3.62 3.61 3.60 3.60 3.59 3.58 3.58 3.57 3.57 3.57 3.58 3.58 3.59 3.59 3.61 3.62 3.64 3.66 3.68 3.70 3.73 3.77 3.80 3.84 3.89 3.93 3.99 4.04 4.10 4.17 4.24 4.31 4.39 4.48 4.57 4.67 4.77 4.88 4.99 5.11 5.23 5.36 5.50 5.64 5.79 5.94 6.10 6.27 6.45 6.63 6.81 7.01 7.21 7.42 7.63 7.85 8.08 8.31 8.55 8.80 9.05 9.31 9.58 9.85 10.13 10.42 10.71 11.01 11.32
3.73 3.72 3.70 3.68 3.67 3.65 3.63 3.62 3.60 3.58 3.56 3.55 3.53 3.51 3.50 3.48 3.47 3.46 3.44 3.43 3.42 3.42 3.41 3.41 3.41 3.41 3.41 3.41 3.42 3.43 3.45 3.46 3.48 3.50 3.53 3.56 3.60 3.63 3.68 3.72 3.77 3.83 3.89 3.95 4.02 4.10 4.17 4.26 4.35 4.45 4.55 4.66 4.77 4.89 5.01 5.14 5.28 5.43 5.58 5.73 5.90 6.07 6.24 6.43 6.62 6.81 7.02 7.23 7.44 7.67 7.90 8.13 8.38 8.63 8.89 9.15 9.42 9.70 9.98 10.28 10.57 10.88
3.69 3.67 3.65 3.63 3.61 3.59 3.56 3.54 3.52 3.50 3.47 3.45 3.43 3.41 3.39 3.37 3.35 3.33 3.31 3.30 3.28 3.27 3.26 3.25 3.24 3.23 3.23 3.23 3.23 3.24 3.24 3.25 3.27 3.28 3.30 3.33 3.36 3.39 3.42 3.46 3.51 3.56 3.61 3.67 3.74 3.80 3.88 3.96 4.04 4.13 4.23 4.33 4.44 4.55 4.67 4.80 4.93 5.07 5.22 5.37 5.53 5.69 5.87 6.05 6.23 6.42 6.62 6.83 7.04 7.26 7.49 7.73 7.97 8.21 8.47 8.73 9.00 9.28 9.56 9.85 10.14 10.44
3.65 3.63 3.60 3.58 3.55 3.52 3.50 3.47 3.44 3.42 3.39 3.36 3.33 3.31 3.28 3.26 3.23 3.21 3.18 3.16 3.14 3.12 3.11 3.09 3.08 3.07 3.06 3.05 3.05 3.05 3.05 3.05 3.06 3.07 3.08 3.10 3.13 3.15 3.18 3.22 3.26 3.30 3.35 3.40 3.46 3.52 3.59 3.66 3.74 3.83 3.92 4.02 4.12 4.23 4.34 4.47 4.59 4.73 4.87 5.02 5.17 5.33 5.50 5.68 5.86 6.05 6.24 6.44 6.65 6.87 7.10 7.33 7.56 7.81 8.06 8.32 8.59 8.86 9.14 9.43 9.72 10.02
3.61 3.59 3.56 3.53 3.50 3.47 3.44 3.40 3.37 3.34 3.31 3.28 3.24 3.21 3.18 3.15 3.12 3.09 3.06 3.04 3.01 2.99 2.96 2.94 2.92 2.91 2.89 2.88 2.87 2.86 2.86 2.86 2.86 2.86 2.87 2.89 2.90 2.92 2.95 2.98 3.01 3.05 3.09 3.14 3.19 3.25 3.31 3.38 3.45 3.53 3.62 3.71 3.81 3.91 4.02 4.14 4.26 4.39 4.53 4.67 4.82 4.98 5.14 5.32 5.49 5.68 5.87 6.07 6.28 6.49 6.71 6.94 7.17 7.41 7.66 7.92 8.18 8.45 8.73 9.02 9.31 9.60
3.58 3.55 3.52 3.48 3.45 3.42 3.38 3.34 3.31 3.27 3.23 3.20 3.16 3.12 3.09 3.05 3.02 2.98 2.95 2.92 2.89 2.86 2.83 2.80 2.78 2.75 2.73 2.72 2.70 2.69 2.68 2.67 2.67 2.67 2.67 2.68 2.69 2.70 2.72 2.74 2.77 2.80 2.84 2.88 2.93 2.98 3.04 3.11 3.17 3.25 3.33 3.42 3.51 3.61 3.71 3.83 3.94 4.07 4.20 4.34 4.49 4.64 4.80 4.97 5.14 5.32 5.51 5.70 5.91 6.12 6.33 6.56 6.79 7.03 7.28 7.53 7.79 8.06 8.33 8.62 8.90 9.20
3.55 3.52 3.48 3.44 3.41 3.37 3.33 3.29 3.25 3.21 3.16 3.12 3.08 3.04 3.00 2.96 2.92 2.88 2.84 2.80 2.77 2.73 2.70 2.67 2.64 2.61 2.58 2.56 2.54 2.52 2.50 2.49 2.48 2.48 2.47 2.48 2.48 2.49 2.50 2.52 2.54 2.57 2.60 2.64 2.68 2.73 2.78 2.84 2.90 2.97 3.05 3.13 3.22 3.31 3.41 3.52 3.63 3.76 3.88 4.02 4.16 4.31 4.46 4.63 4.79 4.97 5.16 5.35 5.55 5.75 5.97 6.19 6.42 6.66 6.90 7.15 7.41 7.67 7.95 8.23 8.51 8.81
3.53 3.49 3.45 3.41 3.37 3.32 3.28 3.24 3.19 3.15 3.10 3.05 3.01 2.96 2.92 2.87 2.82 2.78 2.74 2.69 2.65 2.61 2.57 2.54 2.50 2.47 2.44 2.41 2.38 2.36 2.34 2.32 2.31 2.30 2.29 2.28 2.28 2.29 2.30 2.31 2.32 2.35 2.37 2.40 2.44 2.48 2.53 2.58 2.64 2.71 2.78 2.85 2.94 3.03 3.12 3.23 3.33 3.45 3.57 3.70 3.84 3.99 4.14 4.30 4.46 4.63 4.82 5.00 5.20 5.40 5.61 5.83 6.06 6.29 6.53 6.78 7.03 7.30 7.57 7.85 8.13 8.42
3.51 3.47 3.42 3.38 3.33 3.29 3.24 3.19 3.14 3.09 3.04 2.99 2.94 2.89 2.84 2.79 2.74 2.69 2.64 2.59 2.55 2.50 2.46 2.42 2.38 2.34 2.30 2.27 2.24 2.21 2.18 2.16 2.14 2.12 2.11 2.10 2.09 2.09 2.10 2.10 2.11 2.13 2.15 2.18 2.21 2.25 2.29 2.34 2.39 2.45 2.52 2.59 2.67 2.75 2.84 2.94 3.04 3.16 3.27 3.40 3.53 3.67 3.82 3.98 4.14 4.31 4.48 4.67 4.86 5.06 5.27 5.48 5.71 5.94 6.17 6.42 6.67 6.93 7.20 7.48 7.76 8.05
3.49 3.45 3.40 3.35 3.30 3.25 3.20 3.15 3.09 3.04 2.99 2.93 2.88 2.82 2.77 2.71 2.66 2.60 2.55 2.50 2.45 2.40 2.35 2.30 2.26 2.21 2.17 2.13 2.10 2.06 2.03 2.00 1.98 1.96 1.94 1.92 1.91 1.91 1.90 1.91 1.91 1.92 1.94 1.96 1.99 2.02 2.06 2.10 2.15 2.20 2.26 2.33 2.40 2.48 2.57 2.66 2.77 2.87 2.99 3.11 3.24 3.37 3.52 3.67 3.83 3.99 4.16 4.35 4.53 4.73 4.93 5.15 5.37 5.59 5.83 6.07 6.32 6.58 6.84 7.12 7.40 7.68
3.48 3.43 3.38 3.33 3.27 3.22 3.17 3.11 3.05 2.99 2.94 2.88 2.82 2.76 2.70 2.64 2.58 2.52 2.47 2.41 2.35 2.30 2.25 2.19 2.14 2.10 2.05 2.01 1.96 1.93 1.89 1.86 1.83 1.80 1.78 1.76 1.74 1.73 1.72 1.72 1.72 1.73 1.74 1.75 1.77 1.80 1.83 1.87 1.92 1.97 2.02 2.08 2.15 2.23 2.31 2.40 2.50 2.60 2.71 2.83 2.95 3.08 3.22 3.37 3.52 3.69 3.86 4.03 4.22 4.41 4.61 4.82 5.04 5.26 5.49 5.73 5.98 6.23 6.50 6.77 7.05 7.33
3.47 3.42 3.36 3.31 3.25 3.19 3.14 3.08 3.02 2.95 2.89 2.83 2.77 2.70 2.64 2.58 2.51 2.45 2.39 2.33 2.27 2.21 2.15 2.09 2.04 1.99 1.94 1.89 1.84 1.80 1.76 1.72 1.68 1.65 1.62 1.60 1.58 1.56 1.55 1.54 1.54 1.54 1.54 1.55 1.57 1.59 1.62 1.65 1.69 1.74 1.79 1.85 1.91 1.98 2.06 2.15 2.24 2.34 2.44 2.55 2.67 2.80 2.94 3.08 3.23 3.39 3.56 3.73 3.91 4.10 4.30 4.50 4.72 4.94 5.17 5.40 5.65 5.90 6.16 6.43 6.70 6.99
3.46 3.41 3.35 3.29 3.23 3.17 3.11 3.05 2.98 2.92 2.85 2.79 2.72 2.65 2.58 2.52 2.45 2.38 2.32 2.25 2.19 2.12 2.06 2.00 1.94 1.88 1.83 1.77 1.72 1.68 1.63 1.59 1.55 1.51 1.48 1.45 1.42 1.40 1.38 1.37 1.36 1.36 1.36 1.37 1.38 1.39 1.42 1.45 1.48 1.52 1.57 1.62 1.68 1.75 1.82 1.90 1.99 2.08 2.18 2.29 2.41 2.53 2.67 2.80 2.95 3.11 3.27 3.44 3.62 3.80 4.00 4.20 4.41 4.63 4.85 5.09 5.33 5.58 5.84 6.10 6.38 6.66
3.46 3.40 3.35 3.28 3.22 3.16 3.09 3.02 2.96 2.89 2.82 2.75 2.68 2.61 2.54 2.46 2.39 2.32 2.25 2.18 2.11 2.05 1.98 1.91 1.85 1.79 1.73 1.67 1.61 1.56 1.51 1.46 1.42 1.38 1.34 1.31 1.28 1.25 1.23 1.21 1.20 1.19 1.18 1.19 1.19 1.21 1.22 1.25 1.28 1.31 1.36 1.41 1.46 1.52 1.59 1.67 1.75 1.84 1.94 2.04 2.16 2.28 2.40 2.54 2.68 2.83 2.99 3.16 3.33 3.52 3.71 3.91 4.11 4.33 4.55 4.78 5.02 5.27 5.52 5.79 6.06 6.34
