Output/output1.asc
NCOLS          206       
NROWS          108       
XLLCENTER      5940.22   
YLLCENTER      25844.17  
DX             200.00    
DY             200.00    
NODATA_VALUE   -999.00   
[rows 0 to 36 of 108, columns 0 to 81 of 206]
2.95 2.83 2.70 2.58 2.46 2.35 2.24 2.13 2.02 1.92 1.82 1.73 1.64 1.55 1.47 1.39 1.32 1.25 1.19 1.13 1.08 1.03 0.99 0.95 0.92 0.89 0.87 0.85 0.84 0.84 0.84 0.85 0.86 0.89 0.91 0.95 0.99 1.03 1.09 1.15 1.21 1.29 1.37 1.46 1.55 1.65 1.76 1.88 2.00 2.14 2.27 2.42 2.57 2.73 2.90 3.07 3.25 3.44 3.64 3.84 4.05 4.27 4.50 4.73 4.97 5.22 5.47 5.73 6.00 6.27 6.55 6.84 7.13 7.43 7.74 8.05 8.37 8.69 9.03 9.36 9.71 10.05
2.96 2.84 2.71 2.59 2.48 2.36 2.25 2.14 2.04 1.94 1.84 1.75 1.66 1.58 1.50 1.42 1.35 1.28 1.22 1.16 1.11 1.06 1.02 0.98 0.95 0.92 0.90 0.89 0.88 0.87 0.87 0.88 0.90 0.92 0.94 0.98 1.02 1.06 1.11 1.17 1.24 1.31 1.39 1.48 1.57 1.67 1.78 1.89 2.02 2.15 2.28 2.42 2.57 2.73 2.90 3.07 3.25 3.43 3.63 3.83 4.03 4.25 4.47 4.70 4.93 5.17 5.42 5.68 5.94 6.21 6.49 6.77 7.06 7.35 7.66 7.96 8.28 8.60 8.92 9.26 9.59 9.94
2.97 2.84 2.72 2.60 2.49 2.38 2.27 2.16 2.06 1.96 1.86 1.77 1.69 1.60 1.52 1.45 1.38 1.31 1.25 1.19 1.14 1.09 1.05 1.01 0.98 0.96 0.93 0.92 0.91 0.91 0.91 0.92 0.93 0.95 0.98 1.01 1.05 1.09 1.14 1.20 1.27 1.34 1.42 1.50 1.59 1.69 1.80 1.91 2.03 2.16 2.29 2.43 2.58 2.73 2.89 3.06 3.24 3.42 3.61 3.81 4.01 4.22 4.44 4.66 4.90 5.13 5.38 5.63 5.89 6.15 6.43 6.70 6.99 7.28 7.57 7.88 8.19 8.50 8.82 9.15 9.48 9.82
2.97 2.85 2.73 2.62 2.50 2.39 2.28 2.18 2.08 1.98 1.89 1.80 1.71 1.63 1.55 1.47 1.41 1.34 1.28 1.22 1.17 1.12 1.08 1.05 1.02 0.99 0.97 0.95 0.94 0.94 0.94 0.95 0.96 0.98 1.01 1.04 1.08 1.12 1.17 1.23 1.29 1.36 1.44 1.53 1.62 1.71 1.82 1.93 2.04 2.17 2.30 2.44 2.58 2.73 2.89 3.06 3.23 3.41 3.60 3.79 3.99 4.20 4.41 4.63 4.86 5.09 5.33 5.58 5.84 6.10 6.36 6.64 6.92 7.20 7.49 7.79 8.09 8.40 8.72 9.04 9.36 9.70
2.98 2.86 2.74 2.63 2.52 2.41 2.30 2.20 2.10 2.00 1.91 1.82 1.73 1.65 1.58 1.50 1.43 1.37 1.31 1.25 1.20 1.16 1.12 1.08 1.05 1.02 1.00 0.99 0.98 0.98 0.98 0.98 1.00 1.02 1.04 1.07 1.11 1.15 1.20 1.26 1.32 1.39 1.47 1.55 1.64 1.73 1.84 1.94 2.06 2.18 2.31 2.45 2.59 2.74 2.89 3.06 3.23 3.40 3.58 3.77 3.97 4.17 4.38 4.60 4.82 5.05 5.29 5.53 5.78 6.04 6.30 6.57 6.84 7.12 7.41 7.70 8.00 8.30 8.61 8.93 9.25 9.58
2.99 2.87 2.75 2.64 2.53 2.42 2.32 2.22 2.12 2.02 1.93 1.84 1.76 1.68 1.60 1.53 1.46 1.40 1.34 1.29 1.24 1.19 1.15 1.12 1.09 1.06 1.04 1.03 1.02 1.01 1.01 1.02 1.03 1.05 1.08 1.11 1.14 1.19 1.24 1.29 1.35 1.42 1.49 1.57 1.66 1.76 1.86 1.96 2.07 2.19 2.32 2.45 2.59 2.74 2.89 3.05 3.22 3.39 3.57 3.76 3.95 4.15 4.36 4.57 4.79 5.02 5.25 5.49 5.73 5.98 6.24 6.50 6.77 7.05 7.33 7.61 7.91 8.21 8.51 8.82 9.13 9.45
3.00 2.88 2.76 2.65 2.54 2.44 2.33 2.23 2.14 2.04 1.95 1.87 1.79 1.71 1.63 1.56 1.49 1.43 1.37 1.32 1.27 1.23 1.19 1.15 1.12 1.10 1.08 1.06 1.05 1.05 1.05 1.06 1.07 1.09 1.11 1.14 1.18 1.22 1.27 1.32 1.38 1.45 1.52 1.60 1.69 1.78 1.88 1.98 2.09 2.21 2.33 2.46 2.60 2.74 2.89 3.05 3.21 3.38 3.56 3.74 3.93 4.13 4.33 4.54 4.75 4.98 5.20 5.44 5.68 5.92 6.18 6.43 6.70 6.97 7.25 7.53 7.81 8.11 8.41 8.71 9.02 9.33
3.00 2.89 2.77 2.66 2.56 2.45 2.35 2.25 2.16 2.07 1.98 1.89 1.81 1.73 1.66 1.59 1.52 1.46 1.41 1.35 1.31 1.26 1.22 1.19 1.16 1.13 1.11 1.10 1.09 1.09 1.09 1.10 1.11 1.13 1.15 1.18 1.21 1.26 1.30 1.36 1.41 1.48 1.55 1.63 1.71 1.80 1.90 2.00 2.11 2.22 2.35 2.47 2.61 2.75 2.90 3.05 3.21 3.38 3.55 3.73 3.91 4.11 4.31 4.51 4.72 4.94 5.16 5.39 5.63 5.87 6.11 6.37 6.63 6.89 7.16 7.44 7.72 8.01 8.30 8.60 8.90 9.21
3.01 2.90 2.78 2.68 2.57 2.47 2.37 2.27 2.18 2.09 2.00 1.92 1.84 1.76 1.69 1.62 1.56 1.50 1.44 1.39 1.34 1.30 1.26 1.22 1.20 1.17 1.15 1.14 1.13 1.13 1.13 1.13 1.15 1.16 1.19 1.22 1.25 1.29 1.34 1.39 1.45 1.51 1.58 1.66 1.74 1.83 1.92 2.02 2.13 2.24 2.36 2.49 2.62 2.75 2.90 3.05 3.21 3.37 3.54 3.72 3.90 4.09 4.28 4.48 4.69 4.90 5.12 5.34 5.57 5.81 6.05 6.30 6.55 6.81 7.08 7.35 7.63 7.91 8.19 8.49 8.78 9.09
3.02 2.90 2.79 2.69 2.58 2.48 2.38 2.29 2.20 2.11 2.02 1.94 1.86 1.79 1.72 1.65 1.59 1.53 1.47 1.42 1.37 1.33 1.30 1.26 1.23 1.21 1.19 1.18 1.17 1.16 1.17 1.17 1.18 1.20 1.22 1.25 1.29 1.33 1.37 1.42 1.48 1.54 1.61 1.68 1.76 1.85 1.94 2.04 2.15 2.26 2.37 2.50 2.63 2.76 2.90 3.05 3.20 3.36 3.53 3.70 3.88 4.06 4.25 4.45 4.65 4.86 5.08 5.30 5.52 5.75 5.99 6.23 6.48 6.74 7.00 7.26 7.53 7.81 8.09 8.37 8.67 8.96
3.02 2.91 2.80 2.70 2.60 2.50 2.40 2.31 2.22 2.13 2.05 1.97 1.89 1.82 1.75 1.68 1.62 1.56 1.51 1.46 1.41 1.37 1.33 1.30 1.27 1.25 1.23 1.22 1.21 1.20 1.21 1.21 1.22 1.24 1.26 1.29 1.32 1.36 1.41 1.46 1.51 1.57 1.64 1.71 1.79 1.88 1.97 2.06 2.17 2.27 2.39 2.51 2.64 2.77 2.91 3.05 3.20 3.36 3.52 3.69 3.86 4.04 4.23 4.42 4.62 4.82 5.03 5.25 5.47 5.70 5.93 6.17 6.41 6.66 6.91 7.17 7.44 7.71 7.98 8.26 8.55 8.84
3.03 2.92 2.81 2.71 2.61 2.51 2.42 2.33 2.24 2.15 2.07 1.99 1.92 1.84 1.78 1.71 1.65 1.59 1.54 1.49 1.45 1.41 1.37 1.34 1.31 1.29 1.27 1.26 1.25 1.24 1.25 1.25 1.26 1.28 1.30 1.33 1.36 1.40 1.44 1.49 1.55 1.61 1.67 1.74 1.82 1.90 1.99 2.09 2.19 2.29 2.40 2.52 2.65 2.78 2.91 3.05 3.20 3.35 3.51 3.68 3.85 4.02 4.21 4.39 4.59 4.79 4.99 5.20 5.42 5.64 5.87 6.10 6.34 6.58 6.83 7.08 7.34 7.61 7.88 8.15 8.43 8.71
3.03 2.93 2.82 2.72 2.62 2.53 2.44 2.35 2.26 2.17 2.09 2.02 1.94 1.87 1.80 1.74 1.68 1.63 1.57 1.53 1.48 1.44 1.41 1.38 1.35 1.33 1.31 1.30 1.29 1.28 1.29 1.29 1.30 1.32 1.34 1.37 1.40 1.44 1.48 1.53 1.58 1.64 1.70 1.77 1.85 1.93 2.02 2.11 2.21 2.31 2.42 2.54 2.66 2.78 2.92 3.05 3.20 3.35 3.50 3.66 3.83 4.00 4.18 4.37 4.55 4.75 4.95 5.16 5.37 5.58 5.81 6.03 6.27 6.50 6.75 7.00 7.25 7.51 7.77 8.04 8.31 8.59
3.04 2.93 2.83 2.73 2.64 2.54 2.45 2.36 2.28 2.20 2.12 2.04 1.97 1.90 1.83 1.77 1.71 1.66 1.61 1.56 1.52 1.48 1.44 1.41 1.39 1.37 1.35 1.34 1.33 1.33 1.33 1.33 1.34 1.36 1.38 1.41 1.44 1.48 1.52 1.56 1.62 1.67 1.74 1.81 1.88 1.96 2.04 2.13 2.23 2.33 2.44 2.55 2.67 2.79 2.92 3.06 3.20 3.34 3.50 3.65 3.82 3.98 4.16 4.34 4.52 4.71 4.91 5.11 5.32 5.53 5.74 5.97 6.19 6.43 6.66 6.91 7.15 7.41 7.66 7.92 8.19 8.46
3.04 2.94 2.84 2.74 2.65 2.56 2.47 2.38 2.30 2.22 2.14 2.06 1.99 1.93 1.86 1.80 1.74 1.69 1.64 1.60 1.55 1.52 1.48 1.45 1.43 1.41 1.39 1.38 1.37 1.37 1.37 1.37 1.39 1.40 1.42 1.45 1.48 1.51 1.56 1.60 1.65 1.71 1.77 1.84 1.91 1.99 2.07 2.16 2.25 2.35 2.45 2.56 2.68 2.80 2.93 3.06 3.20 3.34 3.49 3.64 3.80 3.96 4.13 4.31 4.49 4.68 4.87 5.06 5.27 5.47 5.68 5.90 6.12 6.35 6.58 6.82 7.06 7.31 7.56 7.81 8.07 8.34
3.05 2.95 2.85 2.75 2.66 2.57 2.48 2.40 2.32 2.24 2.16 2.09 2.02 1.95 1.89 1.83 1.78 1.72 1.68 1.63 1.59 1.55 1.52 1.49 1.47 1.45 1.43 1.42 1.41 1.41 1.41 1.42 1.43 1.44 1.46 1.49 1.52 1.55 1.59 1.64 1.69 1.74 1.80 1.87 1.94 2.02 2.10 2.18 2.27 2.37 2.47 2.58 2.69 2.81 2.93 3.06 3.20 3.34 3.48 3.63 3.79 3.95 4.11 4.28 4.46 4.64 4.83 5.02 5.22 5.42 5.62 5.84 6.05 6.27 6.50 6.73 6.97 7.21 7.45 7.70 7.95 8.21
3.05 2.95 2.86 2.76 2.67 2.58 2.50 2.42 2.34 2.26 2.18 2.11 2.05 1.98 1.92 1.86 1.81 1.76 1.71 1.67 1.63 1.59 1.56 1.53 1.51 1.49 1.47 1.46 1.45 1.45 1.45 1.46 1.47 1.48 1.50 1.53 1.56 1.59 1.63 1.68 1.72 1.78 1.84 1.90 1.97 2.04 2.12 2.21 2.30 2.39 2.49 2.60 2.71 2.82 2.94 3.07 3.20 3.33 3.47 3.62 3.77 3.93 4.09 4.26 4.43 4.61 4.79 4.97 5.17 5.36 5.56 5.77 5.98 6.20 6.42 6.64 6.87 7.10 7.34 7.59 7.83 8.09
3.05 2.96 2.86 2.77 2.68 2.60 2.51 2.43 2.35 2.28 2.21 2.14 2.07 2.01 1.95 1.89 1.84 1.79 1.74 1.70 1.66 1.63 1.60 1.57 1.55 1.53 1.51 1.50 1.49 1.49 1.49 1.50 1.51 1.53 1.55 1.57 1.60 1.63 1.67 1.71 1.76 1.81 1.87 1.93 2.00 2.07 2.15 2.23 2.32 2.41 2.51 2.61 2.72 2.83 2.95 3.07 3.20 3.33 3.47 3.61 3.76 3.91 4.07 4.23 4.40 4.57 4.75 4.93 5.12 5.31 5.50 5.70 5.91 6.12 6.33 6.55 6.78 7.00 7.24 7.47 7.71 7.96
3.06 2.96 2.87 2.78 2.69 2.61 2.53 2.45 2.37 2.30 2.23 2.16 2.10 2.03 1.98 1.92 1.87 1.82 1.78 1.73 1.70 1.66 1.63 1.61 1.58 1.57 1.55 1.54 1.54 1.53 1.54 1.54 1.55 1.57 1.59 1.61 1.64 1.67 1.71 1.75 1.80 1.85 1.91 1.97 2.03 2.10 2.18 2.26 2.34 2.43 2.53 2.63 2.73 2.84 2.96 3.08 3.20 3.33 3.46 3.60 3.75 3.89 4.05 4.21 4.37 4.54 4.71 4.89 5.07 5.25 5.44 5.64 5.84 6.04 6.25 6.47 6.68 6.90 7.13 7.36 7.60 7.83
3.06 2.96 2.87 2.79 2.70 2.62 2.54 2.46 2.39 2.32 2.25 2.18 2.12 2.06 2.00 1.95 1.90 1.85 1.81 1.77 1.73 1.70 1.67 1.65 1.62 1.61 1.59 1.58 1.58 1.57 1.58 1.58 1.59 1.61 1.63 1.65 1.68 1.71 1.75 1.79 1.84 1.89 1.94 2.00 2.07 2.13 2.21 2.29 2.37 2.46 2.55 2.65 2.75 2.85 2.97 3.08 3.20 3.33 3.46 3.59 3.73 3.88 4.03 4.18 4.34 4.50 4.67 4.84 5.02 5.20 5.38 5.57 5.77 5.97 6.17 6.38 6.59 6.81 7.03 7.25 7.48 7.71
3.06 2.97 2.88 2.79 2.71 2.63 2.55 2.48 2.41 2.34 2.27 2.20 2.14 2.09 2.03 1.98 1.93 1.88 1.84 1.80 1.77 1.74 1.71 1.68 1.66 1.65 1.63 1.62 1.62 1.62 1.62 1.63 1.64 1.65 1.67 1.69 1.72 1.75 1.79 1.83 1.87 1.92 1.98 2.04 2.10 2.16 2.24 2.31 2.39 2.48 2.57 2.66 2.76 2.87 2.97 3.09 3.21 3.33 3.45 3.59 3.72 3.86 4.01 4.16 4.31 4.47 4.63 4.80 4.97 5.15 5.33 5.51 5.70 5.89 6.09 6.29 6.50 6.71 6.92 7.14 7.36 7.58
3.06 2.97 2.88 2.80 2.72 2.64 2.57 2.49 2.42 2.35 2.29 2.23 2.17 2.11 2.06 2.01 1.96 1.92 1.87 1.84 1.80 1.77 1.75 1.72 1.70 1.69 1.67 1.66 1.66 1.66 1.66 1.67 1.68 1.69 1.71 1.73 1.76 1.79 1.83 1.87 1.91 1.96 2.01 2.07 2.13 2.20 2.27 2.34 2.42 2.50 2.59 2.68 2.78 2.88 2.98 3.09 3.21 3.33 3.45 3.58 3.71 3.85 3.99 4.13 4.28 4.44 4.59 4.76 4.92 5.09 5.27 5.45 5.63 5.82 6.01 6.20 6.40 6.61 6.81 7.03 7.24 7.46
3.06 2.97 2.89 2.81 2.73 2.65 2.58 2.51 2.44 2.37 2.31 2.25 2.19 2.13 2.08 2.03 1.99 1.95 1.91 1.87 1.84 1.81 1.78 1.76 1.74 1.72 1.71 1.70 1.70 1.70 1.70 1.71 1.72 1.73 1.75 1.78 1.80 1.83 1.87 1.91 1.95 2.00 2.05 2.10 2.16 2.23 2.30 2.37 2.44 2.53 2.61 2.70 2.79 2.89 2.99 3.10 3.21 3.33 3.45 3.57 3.70 3.83 3.97 4.11 4.25 4.40 4.56 4.71 4.88 5.04 5.21 5.38 5.56 5.74 5.93 6.12 6.31 6.51 6.71 6.91 7.12 7.33
3.05 2.97 2.89 2.81 2.73 2.66 2.59 2.52 2.45 2.39 2.33 2.27 2.21 2.16 2.11 2.06 2.02 1.98 1.94 1.90 1.87 1.84 1.82 1.80 1.78 1.76 1.75 1.75 1.74 1.74 1.74 1.75 1.76 1.78 1.80 1.82 1.84 1.87 1.91 1.95 1.99 2.03 2.08 2.14 2.20 2.26 2.32 2.40 2.47 2.55 2.63 2.72 2.81 2.91 3.00 3.11 3.22 3.33 3.44 3.56 3.69 3.82 3.95 4.09 4.23 4.37 4.52 4.67 4.83 4.99 5.15 5.32 5.49 5.67 5.85 6.03 6.22 6.41 6.61 6.80 7.01 7.21
3.05 2.97 2.89 2.81 2.74 2.67 2.60 2.53 2.46 2.40 2.34 2.29 2.23 2.18 2.13 2.09 2.04 2.01 1.97 1.94 1.90 1.88 1.85 1.83 1.82 1.80 1.79 1.79 1.78 1.78 1.79 1.79 1.80 1.82 1.84 1.86 1.88 1.91 1.95 1.98 2.03 2.07 2.12 2.17 2.23 2.29 2.35 2.42 2.50 2.57 2.65 2.74 2.83 2.92 3.02 3.12 3.22 3.33 3.44 3.56 3.68 3.80 3.93 4.06 4.20 4.34 4.48 4.63 4.78 4.94 5.10 5.26 5.43 5.60 5.77 5.95 6.13 6.31 6.50 6.69 6.89 7.09
3.05 2.97 2.89 2.82 2.74 2.67 2.61 2.54 2.48 2.42 2.36 2.31 2.25 2.20 2.16 2.11 2.07 2.03 2.00 1.97 1.94 1.91 1.89 1.87 1.85 1.84 1.83 1.82 1.82 1.82 1.83 1.83 1.85 1.86 1.88 1.90 1.93 1.95 1.99 2.02 2.06 2.11 2.16 2.21 2.26 2.32 2.38 2.45 2.52 2.60 2.67 2.76 2.84 2.93 3.03 3.12 3.23 3.33 3.44 3.55 3.67 3.79 3.91 4.04 4.17 4.31 4.45 4.59 4.74 4.89 5.04 5.20 5.36 5.52 5.69 5.86 6.04 6.22 6.40 6.59 6.77 6.97
3.04 2.96 2.89 2.82 2.75 2.68 2.61 2.55 2.49 2.43 2.38 2.32 2.27 2.23 2.18 2.14 2.10 2.06 2.03 2.00 1.97 1.95 1.92 1.91 1.89 1.88 1.87 1.86 1.86 1.86 1.87 1.88 1.89 1.90 1.92 1.94 1.97 1.99 2.03 2.06 2.10 2.15 2.19 2.24 2.30 2.35 2.41 2.48 2.55 2.62 2.70 2.78 2.86 2.95 3.04 3.13 3.23 3.33 3.44 3.55 3.66 3.78 3.90 4.02 4.15 4.28 4.41 4.55 4.69 4.84 4.99 5.14 5.29 5.45 5.62 5.78 5.95 6.12 6.30 6.48 6.66 6.84
3.04 2.96 2.89 2.82 2.75 2.68 2.62 2.56 2.50 2.45 2.39 2.34 2.29 2.25 2.20 2.16 2.12 2.09 2.06 2.03 2.00 1.98 1.96 1.94 1.93 1.92 1.91 1.90 1.90 1.90 1.91 1.92 1.93 1.94 1.96 1.98 2.01 2.03 2.07 2.10 2.14 2.18 2.23 2.28 2.33 2.39 2.45 2.51 2.57 2.65 2.72 2.80 2.88 2.96 3.05 3.14 3.24 3.33 3.44 3.54 3.65 3.76 3.88 4.00 4.12 4.25 4.38 4.51 4.65 4.79 4.93 5.08 5.23 5.38 5.54 5.70 5.86 6.03 6.20 6.37 6.54 6.72
3.03 2.96 2.89 2.82 2.75 2.69 2.63 2.57 2.51 2.46 2.41 2.36 2.31 2.27 2.22 2.19 2.15 2.12 2.09 2.06 2.03 2.01 1.99 1.98 1.96 1.95 1.95 1.94 1.94 1.94 1.95 1.96 1.97 1.98 2.00 2.02 2.05 2.07 2.11 2.14 2.18 2.22 2.26 2.31 2.36 2.42 2.48 2.54 2.60 2.67 2.74 2.82 2.89 2.98 3.06 3.15 3.24 3.34 3.44 3.54 3.64 3.75 3.86 3.98 4.10 4.22 4.35 4.47 4.61 4.74 4.88 5.02 5.16 5.31 5.46 5.62 5.77 5.93 6.10 6.26 6.43 6.60
3.02 2.95 2.88 2.82 2.75 2.69 2.63 2.58 2.52 2.47 2.42 2.37 2.33 2.29 2.25 2.21 2.17 2.14 2.11 2.09 2.06 2.04 2.03 2.01 2.00 1.99 1.98 1.98 1.98 1.98 1.99 2.00 2.01 2.02 2.04 2.06 2.09 2.11 2.15 2.18 2.22 2.26 2.30 2.35 2.40 2.45 2.51 2.57 2.63 2.69 2.76 2.84 2.91 2.99 3.07 3.16 3.25 3.34 3.44 3.53 3.64 3.74 3.85 3.96 4.07 4.19 4.31 4.44 4.56 4.69 4.83 4.96 5.10 5.24 5.39 5.54 5.69 5.84 6.00 6.16 6.32 6.49
3.01 2.94 2.88 2.81 2.75 2.69 2.64 2.58 2.53 2.48 2.43 2.39 2.34 2.30 2.27 2.23 2.20 2.17 2.14 2.12 2.09 2.07 2.06 2.04 2.03 2.02 2.02 2.02 2.02 2.02 2.03 2.04 2.05 2.06 2.08 2.10 2.13 2.15 2.18 2.22 2.25 2.29 2.34 2.38 2.43 2.48 2.54 2.59 2.66 2.72 2.79 2.86 2.93 3.01 3.09 3.17 3.26 3.34 3.44 3.53 3.63 3.73 3.83 3.94 4.05 4.16 4.28 4.40 4.52 4.65 4.77 4.90 5.04 5.17 5.31 5.46 5.60 5.75 5.90 6.05 6.21 6.37
3.00 2.93 2.87 2.81 2.75 2.69 2.64 2.59 2.54 2.49 2.44 2.40 2.36 2.32 2.28 2.25 2.22 2.19 2.17 2.14 2.12 2.10 2.09 2.08 2.07 2.06 2.06 2.05 2.06 2.06 2.07 2.08 2.09 2.10 2.12 2.14 2.17 2.19 2.22 2.26 2.29 2.33 2.37 2.42 2.46 2.51 2.57 2.62 2.68 2.75 2.81 2.88 2.95 3.02 3.10 3.18 3.26 3.35 3.44 3.53 3.62 3.72 3.82 3.92 4.03 4.14 4.25 4.36 4.48 4.60 4.72 4.85 4.98 5.11 5.24 5.38 5.52 5.66 5.80 5.95 6.10 6.25
2.99 2.92 2.86 2.80 2.75 2.69 2.64 2.59 2.54 2.50 2.45 2.41 2.37 2.34 2.30 2.27 2.24 2.22 2.19 2.17 2.15 2.13 2.12 2.11 2.10 2.09 2.09 2.09 2.09 2.10 2.10 2.11 2.13 2.14 2.16 2.18 2.21 2.23 2.26 2.29 2.33 2.37 2.41 2.45 2.50 2.55 2.60 2.65 2.71 2.77 2.83 2.90 2.97 3.04 3.11 3.19 3.27 3.35 3.44 3.53 3.62 3.71 3.81 3.91 4.01 4.11 4.22 4.33 4.44 4.56 4.67 4.79 4.92 5.04 5.17 5.30 5.43 5.57 5.71 5.85 5.99 6.14
2.98 2.91 2.86 2.80 2.74 2.69 2.64 2.59 2.55 2.50 2.46 2.42 2.39 2.35 2.32 2.29 2.26 2.24 2.22 2.20 2.18 2.16 2.15 2.14 2.13 2.13 2.13 2.13 2.13 2.13 2.14 2.15 2.17 2.18 2.20 2.22 2.24 2.27 2.30 2.33 2.37 2.40 2.44 2.49 2.53 2.58 2.63 2.68 2.74 2.80 2.86 2.92 2.99 3.06 3.13 3.20 3.28 3.36 3.44 3.52 3.61 3.70 3.79 3.89 3.99 4.09 4.19 4.29 4.40 4.51 4.62 4.74 4.86 4.98 5.10 5.22 5.35 5.48 5.61 5.75 5.88 6.02
2.96 2.90 2.85 2.79 2.74 2.69 2.64 2.60 2.55 2.51 2.47 2.43 2.40 2.37 2.34 2.31 2.28 2.26 2.24 2.22 2.20 2.19 2.18 2.17 2.16 2.16 2.16 2.16 2.16 2.17 2.18 2.19 2.20 2.22 2.24 2.26 2.28 2.31 2.34 2.37 2.40 2.44 2.48 2.52 2.56 2.61 2.66 2.71 2.77 2.82 2.88 2.94 3.01 3.07 3.14 3.21 3.29 3.36 3.44 3.52 3.61 3.69 3.78 3.87 3.97 4.06 4.16 4.26 4.36 4.47 4.58 4.69 4.80 4.91 5.03 5.15 5.27 5.39 5.52 5.65 5.78 5.91
2.95 2.89 2.84 2.78 2.73 2.69 2.64 2.60 2.55 2.52 2.48 2.44 2.41 2.38 2.35 2.33 2.30 2.28 2.26 2.24 2.23 2.22 2.21 2.20 2.20 2.19 2.19 2.19 2.20 2.21 2.22 2.23 2.24 2.26 2.28 2.30 2.32 2.35 2.38 2.41 2.44 2.48 2.51 2.55 2.60 2.64 2.69 2.74 2.79 2.85 2.91 2.96 3.03 3.09 3.16 3.23 3.30 3.37 3.45 3.52 3.60 3.69 3.77 3.86 3.95 4.04 4.13 4.23 4.33 4.43 4.53 4.63 4.74 4.85 4.96 5.07 5.19 5.31 5.43 5.55 5.67 5.80
2.93 2.88 2.82 2.77 2.73 2.68 2.64 2.60 2.56 2.52 2.48 2.45 2.42 2.39 2.37 2.34 2.32 2.30 2.28 2.27 2.25 2.24 2.24 2.23 2.23 2.22 2.23 2.23 2.23 2.24 2.25 2.26 2.28 2.30 2.31 2.34 2.36 2.39 2.41 2.44 2.48 2.51 2.55 2.59 2.63 2.68 2.72 2.77 2.82 2.87 2.93 2.99 3.05 3.11 3.17 3.24 3.31 3.38 3.45 3.52 3.60 3.68 3.76 3.84 3.93 4.02 4.11 4.20 4.29 4.39 4.48 4.58 4.68 4.79 4.89 5.00 5.11 5.22 5.34 5.45 5.57 5.69
