Output/output1.asc
NCOLS          206       
NROWS          108       
XLLCENTER      5940.22   
YLLCENTER      25844.17  
DX             200.00    
DY             200.00    
NODATA_VALUE   -999.00   
[rows 37 to 73 of 108, columns 0 to 81 of 206]
2.91 2.86 2.81 2.76 2.72 2.67 2.63 2.59 2.56 2.52 2.49 2.46 2.43 2.40 2.38 2.36 2.34 2.32 2.30 2.29 2.28 2.27 2.26 2.26 2.26 2.26 2.26 2.26 2.27 2.28 2.29 2.30 2.31 2.33 2.35 2.37 2.40 2.42 2.45 2.48 2.51 2.55 2.58 2.62 2.66 2.71 2.75 2.80 2.85 2.90 2.95 3.01 3.07 3.13 3.19 3.25 3.32 3.38 3.45 3.52 3.60 3.67 3.75 3.83 3.91 3.99 4.08 4.17 4.26 4.35 4.44 4.53 4.63 4.73 4.83 4.93 5.04 5.14 5.25 5.36 5.47 5.59
2.89 2.84 2.80 2.75 2.71 2.67 2.63 2.59 2.56 2.52 2.49 2.46 2.44 2.41 2.39 2.37 2.35 2.34 2.32 2.31 2.30 2.29 2.29 2.29 2.28 2.29 2.29 2.29 2.30 2.31 2.32 2.33 2.35 2.37 2.39 2.41 2.43 2.46 2.49 2.52 2.55 2.58 2.62 2.66 2.70 2.74 2.78 2.83 2.88 2.93 2.98 3.03 3.09 3.14 3.20 3.26 3.33 3.39 3.46 3.53 3.60 3.67 3.74 3.82 3.89 3.97 4.05 4.14 4.22 4.31 4.40 4.49 4.58 4.67 4.76 4.86 4.96 5.06 5.16 5.27 5.37 5.48
2.87 2.83 2.78 2.74 2.70 2.66 2.62 2.59 2.56 2.52 2.50 2.47 2.45 2.42 2.40 2.38 2.37 2.35 2.34 2.33 2.32 2.32 2.31 2.31 2.31 2.31 2.32 2.32 2.33 2.34 2.36 2.37 2.39 2.40 2.42 2.45 2.47 2.50 2.52 2.55 2.59 2.62 2.65 2.69 2.73 2.77 2.81 2.86 2.90 2.95 3.00 3.05 3.11 3.16 3.22 3.28 3.34 3.40 3.46 3.53 3.60 3.66 3.73 3.81 3.88 3.95 4.03 4.11 4.19 4.27 4.35 4.44 4.52 4.61 4.70 4.79 4.89 4.98 5.08 5.18 5.28 5.38
2.85 2.81 2.76 2.72 2.69 2.65 2.62 2.58 2.55 2.52 2.50 2.47 2.45 2.43 2.41 2.40 2.38 2.37 2.36 2.35 2.34 2.34 2.34 2.34 2.34 2.34 2.35 2.36 2.36 2.38 2.39 2.40 2.42 2.44 2.46 2.48 2.51 2.53 2.56 2.59 2.62 2.65 2.69 2.73 2.76 2.80 2.84 2.89 2.93 2.98 3.03 3.08 3.13 3.18 3.24 3.29 3.35 3.41 3.47 3.53 3.59 3.66 3.73 3.79 3.86 3.94 4.01 4.08 4.16 4.23 4.31 4.39 4.47 4.56 4.64 4.73 4.81 4.90 4.99 5.09 5.18 5.28
2.83 2.79 2.75 2.71 2.67 2.64 2.61 2.58 2.55 2.52 2.50 2.48 2.46 2.44 2.42 2.41 2.39 2.38 2.38 2.37 2.36 2.36 2.36 2.36 2.37 2.37 2.38 2.38 2.40 2.41 2.42 2.44 2.45 2.47 2.49 2.52 2.54 2.57 2.60 2.63 2.66 2.69 2.72 2.76 2.80 2.84 2.88 2.92 2.96 3.01 3.05 3.10 3.15 3.20 3.25 3.31 3.36 3.42 3.48 3.53 3.60 3.66 3.72 3.78 3.85 3.92 3.99 4.06 4.13 4.20 4.27 4.35 4.43 4.50 4.58 4.66 4.74 4.83 4.91 5.00 5.09 5.18
2.80 2.77 2.73 2.69 2.66 2.63 2.60 2.57 2.54 2.52 2.50 2.48 2.46 2.44 2.43 2.42 2.41 2.40 2.39 2.39 2.38 2.38 2.38 2.39 2.39 2.40 2.40 2.41 2.43 2.44 2.45 2.47 2.49 2.51 2.53 2.55 2.58 2.60 2.63 2.66 2.69 2.72 2.76 2.79 2.83 2.87 2.91 2.95 2.99 3.03 3.08 3.12 3.17 3.22 3.27 3.32 3.37 3.43 3.48 3.54 3.60 3.65 3.71 3.78 3.84 3.90 3.97 4.03 4.10 4.17 4.24 4.31 4.38 4.45 4.52 4.60 4.68 4.75 4.83 4.91 5.00 5.08
2.78 2.74 2.71 2.67 2.64 2.61 2.59 2.56 2.54 2.52 2.50 2.48 2.46 2.45 2.44 2.43 2.42 2.41 2.41 2.40 2.40 2.40 2.40 2.41 2.41 2.42 2.43 2.44 2.45 2.47 2.48 2.50 2.52 2.54 2.56 2.59 2.61 2.64 2.67 2.69 2.73 2.76 2.79 2.83 2.86 2.90 2.94 2.98 3.02 3.06 3.10 3.15 3.19 3.24 3.29 3.34 3.39 3.44 3.49 3.54 3.60 3.65 3.71 3.77 3.83 3.89 3.95 4.01 4.07 4.13 4.20 4.26 4.33 4.40 4.47 4.54 4.61 4.68 4.76 4.83 4.91 4.98
2.75 2.72 2.69 2.66 2.63 2.60 2.57 2.55 2.53 2.51 2.49 2.48 2.46 2.45 2.44 2.43 2.43 2.42 2.42 2.42 2.42 2.42 2.42 2.43 2.44 2.45 2.46 2.47 2.48 2.50 2.51 2.53 2.55 2.57 2.60 2.62 2.65 2.67 2.70 2.73 2.76 2.79 2.82 2.86 2.89 2.93 2.97 3.01 3.05 3.09 3.13 3.17 3.22 3.26 3.31 3.35 3.40 3.45 3.50 3.55 3.60 3.65 3.71 3.76 3.82 3.87 3.93 3.99 4.04 4.10 4.16 4.23 4.29 4.35 4.41 4.48 4.55 4.61 4.68 4.75 4.82 4.89
2.73 2.69 2.66 2.64 2.61 2.58 2.56 2.54 2.52 2.50 2.49 2.48 2.46 2.45 2.45 2.44 2.44 2.43 2.43 2.43 2.43 2.44 2.44 2.45 2.46 2.47 2.48 2.50 2.51 2.53 2.54 2.56 2.58 2.61 2.63 2.65 2.68 2.71 2.73 2.76 2.79 2.82 2.86 2.89 2.93 2.96 3.00 3.04 3.07 3.11 3.15 3.20 3.24 3.28 3.32 3.37 3.41 3.46 3.51 3.56 3.60 3.65 3.70 3.75 3.81 3.86 3.91 3.96 4.02 4.07 4.13 4.19 4.25 4.30 4.36 4.42 4.48 4.55 4.61 4.67 4.74 4.80
2.70 2.67 2.64 2.61 2.59 2.57 2.55 2.53 2.51 2.50 2.48 2.47 2.46 2.46 2.45 2.45 2.44 2.44 2.44 2.45 2.45 2.46 2.46 2.47 2.48 2.49 2.51 2.52 2.54 2.55 2.57 2.59 2.61 2.64 2.66 2.69 2.71 2.74 2.77 2.80 2.83 2.86 2.89 2.92 2.96 2.99 3.03 3.07 3.10 3.14 3.18 3.22 3.26 3.30 3.34 3.39 3.43 3.47 3.52 3.56 3.61 3.65 3.70 3.75 3.80 3.85 3.90 3.95 4.00 4.05 4.10 4.15 4.20 4.26 4.31 4.37 4.42 4.48 4.54 4.60 4.65 4.71
2.67 2.64 2.62 2.59 2.57 2.55 2.53 2.52 2.50 2.49 2.48 2.47 2.46 2.46 2.45 2.45 2.45 2.45 2.45 2.46 2.46 2.47 2.48 2.49 2.50 2.52 2.53 2.55 2.56 2.58 2.60 2.62 2.64 2.67 2.69 2.72 2.74 2.77 2.80 2.83 2.86 2.89 2.92 2.96 2.99 3.02 3.06 3.09 3.13 3.17 3.21 3.24 3.28 3.32 3.36 3.40 3.44 3.49 3.53 3.57 3.61 3.66 3.70 3.75 3.79 3.84 3.88 3.93 3.97 4.02 4.07 4.12 4.17 4.21 4.26 4.31 4.37 4.42 4.47 4.52 4.58 4.63
2.64 2.61 2.59 2.57 2.55 2.53 2.51 2.50 2.49 2.48 2.47 2.46 2.46 2.45 2.45 2.45 2.45 2.46 2.46 2.47 2.48 2.49 2.50 2.51 2.52 2.54 2.55 2.57 2.59 2.61 2.63 2.65 2.67 2.70 2.72 2.75 2.78 2.80 2.83 2.86 2.89 2.92 2.96 2.99 3.02 3.06 3.09 3.12 3.16 3.20 3.23 3.27 3.31 3.34 3.38 3.42 3.46 3.50 3.54 3.58 3.62 3.66 3.70 3.74 3.78 3.83 3.87 3.91 3.95 4.00 4.04 4.08 4.13 4.17 4.22 4.26 4.31 4.36 4.40 4.45 4.50 4.55
2.61 2.58 2.56 2.54 2.53 2.51 2.50 2.49 2.48 2.47 2.46 2.46 2.45 2.45 2.45 2.46 2.46 2.46 2.47 2.48 2.49 2.50 2.51 2.53 2.54 2.56 2.57 2.59 2.61 2.63 2.66 2.68 2.70 2.73 2.75 2.78 2.81 2.84 2.87 2.89 2.93 2.96 2.99 3.02 3.05 3.09 3.12 3.15 3.19 3.22 3.26 3.29 3.33 3.37 3.40 3.44 3.48 3.51 3.55 3.59 3.63 3.66 3.70 3.74 3.78 3.82 3.86 3.90 3.93 3.97 4.01 4.05 4.09 4.13 4.17 4.21 4.26 4.30 4.34 4.38 4.42 4.47
2.57 2.55 2.53 2.52 2.50 2.49 2.48 2.47 2.46 2.46 2.45 2.45 2.45 2.45 2.45 2.46 2.46 2.47 2.48 2.49 2.50 2.51 2.53 2.54 2.56 2.58 2.60 2.62 2.64 2.66 2.68 2.71 2.73 2.76 2.78 2.81 2.84 2.87 2.90 2.93 2.96 2.99 3.02 3.05 3.08 3.12 3.15 3.18 3.22 3.25 3.29 3.32 3.35 3.39 3.42 3.46 3.49 3.53 3.56 3.60 3.63 3.67 3.71 3.74 3.78 3.81 3.85 3.88 3.92 3.95 3.99 4.02 4.06 4.10 4.13 4.17 4.20 4.24 4.28 4.32 4.35 4.39
2.54 2.52 2.51 2.49 2.48 2.47 2.46 2.45 2.45 2.44 2.44 2.44 2.44 2.45 2.45 2.46 2.47 2.47 2.49 2.50 2.51 2.53 2.54 2.56 2.58 2.60 2.62 2.64 2.66 2.68 2.71 2.73 2.76 2.79 2.81 2.84 2.87 2.90 2.93 2.96 2.99 3.02 3.05 3.08 3.12 3.15 3.18 3.21 3.25 3.28 3.31 3.35 3.38 3.41 3.45 3.48 3.51 3.55 3.58 3.61 3.64 3.68 3.71 3.74 3.77 3.81 3.84 3.87 3.90 3.93 3.97 4.00 4.03 4.06 4.09 4.12 4.16 4.19 4.22 4.25 4.28 4.32
2.50 2.49 2.48 2.46 2.45 2.44 2.44 2.43 2.43 2.43 2.43 2.43 2.44 2.44 2.45 2.46 2.47 2.48 2.49 2.50 2.52 2.54 2.55 2.57 2.59 2.61 2.64 2.66 2.68 2.71 2.73 2.76 2.79 2.81 2.84 2.87 2.90 2.93 2.96 2.99 3.02 3.05 3.08 3.12 3.15 3.18 3.21 3.24 3.28 3.31 3.34 3.37 3.40 3.44 3.47 3.50 3.53 3.56 3.59 3.62 3.65 3.68 3.71 3.74 3.77 3.80 3.83 3.86 3.89 3.92 3.94 3.97 4.00 4.03 4.05 4.08 4.11 4.14 4.16 4.19 4.22 4.25
2.47 2.46 2.44 2.43 2.43 2.42 2.42 2.41 2.41 2.41 2.42 2.42 2.43 2.44 2.44 2.46 2.47 2.48 2.50 2.51 2.53 2.55 2.57 2.59 2.61 2.63 2.65 2.68 2.70 2.73 2.76 2.78 2.81 2.84 2.87 2.90 2.93 2.96 2.99 3.02 3.05 3.08 3.12 3.15 3.18 3.21 3.24 3.27 3.30 3.34 3.37 3.40 3.43 3.46 3.49 3.52 3.55 3.58 3.61 3.64 3.66 3.69 3.72 3.75 3.77 3.80 3.83 3.85 3.88 3.90 3.92 3.95 3.97 4.00 4.02 4.04 4.06 4.09 4.11 4.13 4.15 4.18
2.43 2.42 2.41 2.40 2.40 2.40 2.39 2.39 2.40 2.40 2.40 2.41 2.42 2.43 2.44 2.45 2.47 2.48 2.50 2.52 2.54 2.56 2.58 2.60 2.62 2.65 2.67 2.70 2.72 2.75 2.78 2.81 2.84 2.87 2.90 2.93 2.96 2.99 3.02 3.05 3.08 3.11 3.15 3.18 3.21 3.24 3.27 3.30 3.33 3.37 3.40 3.43 3.46 3.48 3.51 3.54 3.57 3.60 3.62 3.65 3.68 3.70 3.73 3.75 3.77 3.80 3.82 3.84 3.87 3.89 3.91 3.93 3.95 3.97 3.99 4.00 4.02 4.04 4.06 4.08 4.09 4.11
2.40 2.39 2.38 2.37 2.37 2.37 2.37 2.37 2.38 2.38 2.39 2.40 2.41 2.42 2.43 2.45 2.47 2.48 2.50 2.52 2.54 2.56 2.59 2.61 2.64 2.66 2.69 2.72 2.74 2.77 2.80 2.83 2.86 2.89 2.92 2.96 2.99 3.02 3.05 3.08 3.11 3.15 3.18 3.21 3.24 3.27 3.30 3.33 3.36 3.39 3.42 3.45 3.48 3.51 3.54 3.56 3.59 3.62 3.64 3.67 3.69 3.71 3.74 3.76 3.78 3.80 3.82 3.84 3.86 3.87 3.89 3.91 3.92 3.94 3.96 3.97 3.98 4.00 4.01 4.02 4.04 4.05
2.36 2.35 2.35 2.34 2.34 2.34 2.35 2.35 2.36 2.36 2.37 2.39 2.40 2.41 2.43 2.44 2.46 2.48 2.50 2.53 2.55 2.57 2.60 2.62 2.65 2.68 2.71 2.73 2.76 2.79 2.82 2.86 2.89 2.92 2.95 2.98 3.01 3.05 3.08 3.11 3.14 3.18 3.21 3.24 3.27 3.30 3.33 3.36 3.39 3.42 3.45 3.48 3.51 3.53 3.56 3.59 3.61 3.64 3.66 3.68 3.70 3.72 3.74 3.76 3.78 3.80 3.82 3.83 3.85 3.86 3.88 3.89 3.90 3.92 3.93 3.94 3.95 3.96 3.97 3.98 3.98 3.99
2.32 2.31 2.31 2.31 2.31 2.32 2.32 2.33 2.34 2.35 2.36 2.37 2.39 2.40 2.42 2.44 2.46 2.48 2.50 2.53 2.55 2.58 2.61 2.63 2.66 2.69 2.72 2.75 2.78 2.81 2.85 2.88 2.91 2.94 2.98 3.01 3.04 3.08 3.11 3.14 3.17 3.21 3.24 3.27 3.30 3.33 3.36 3.39 3.42 3.45 3.48 3.51 3.53 3.56 3.59 3.61 3.63 3.66 3.68 3.70 3.72 3.74 3.76 3.77 3.79 3.80 3.82 3.83 3.84 3.86 3.87 3.88 3.89 3.89 3.90 3.91 3.91 3.92 3.92 3.93 3.93 3.94
2.28 2.28 2.28 2.28 2.28 2.29 2.29 2.30 2.31 2.33 2.34 2.36 2.37 2.39 2.41 2.43 2.46 2.48 2.50 2.53 2.56 2.58 2.61 2.64 2.67 2.70 2.74 2.77 2.80 2.83 2.87 2.90 2.93 2.97 3.00 3.04 3.07 3.10 3.14 3.17 3.20 3.24 3.27 3.30 3.33 3.36 3.40 3.42 3.45 3.48 3.51 3.54 3.56 3.59 3.61 3.63 3.66 3.68 3.70 3.72 3.73 3.75 3.77 3.78 3.80 3.81 3.82 3.83 3.84 3.85 3.86 3.86 3.87 3.87 3.88 3.88 3.88 3.88 3.88 3.88 3.88 3.88
2.24 2.24 2.24 2.24 2.25 2.26 2.27 2.28 2.29 2.31 2.32 2.34 2.36 2.38 2.40 2.43 2.45 2.48 2.50 2.53 2.56 2.59 2.62 2.65 2.68 2.72 2.75 2.78 2.82 2.85 2.89 2.92 2.96 2.99 3.03 3.06 3.10 3.13 3.17 3.20 3.23 3.27 3.30 3.33 3.36 3.40 3.43 3.46 3.48 3.51 3.54 3.57 3.59 3.61 3.64 3.66 3.68 3.70 3.72 3.74 3.75 3.77 3.78 3.79 3.81 3.82 3.82 3.83 3.84 3.85 3.85 3.85 3.86 3.86 3.86 3.86 3.85 3.85 3.85 3.84 3.84 3.83
2.20 2.20 2.20 2.21 2.22 2.23 2.24 2.25 2.27 2.29 2.30 2.32 2.35 2.37 2.39 2.42 2.45 2.47 2.50 2.53 2.56 2.59 2.63 2.66 2.69 2.73 2.76 2.80 2.83 2.87 2.91 2.94 2.98 3.02 3.05 3.09 3.12 3.16 3.19 3.23 3.26 3.30 3.33 3.36 3.40 3.43 3.46 3.49 3.52 3.54 3.57 3.59 3.62 3.64 3.66 3.69 3.70 3.72 3.74 3.76 3.77 3.78 3.80 3.81 3.82 3.82 3.83 3.84 3.84 3.84 3.84 3.84 3.84 3.84 3.84 3.83 3.83 3.82 3.82 3.81 3.80 3.79
2.16 2.16 2.17 2.18 2.19 2.20 2.21 2.23 2.25 2.26 2.29 2.31 2.33 2.36 2.38 2.41 2.44 2.47 2.50 2.53 2.57 2.60 2.63 2.67 2.70 2.74 2.78 2.81 2.85 2.89 2.93 2.96 3.00 3.04 3.08 3.11 3.15 3.19 3.22 3.26 3.29 3.33 3.36 3.39 3.43 3.46 3.49 3.52 3.55 3.57 3.60 3.62 3.65 3.67 3.69 3.71 3.73 3.75 3.76 3.78 3.79 3.80 3.81 3.82 3.83 3.83 3.84 3.84 3.84 3.84 3.84 3.84 3.83 3.83 3.82 3.81 3.81 3.80 3.79 3.77 3.76 3.75
2.11 2.12 2.13 2.14 2.15 2.17 2.18 2.20 2.22 2.24 2.27 2.29 2.32 2.34 2.37 2.40 2.43 2.46 2.50 2.53 2.57 2.60 2.64 2.68 2.71 2.75 2.79 2.83 2.87 2.91 2.94 2.98 3.02 3.06 3.10 3.14 3.18 3.21 3.25 3.29 3.32 3.36 3.39 3.43 3.46 3.49 3.52 3.55 3.58 3.60 3.63 3.65 3.68 3.70 3.72 3.74 3.76 3.77 3.79 3.80 3.81 3.82 3.83 3.84 3.84 3.85 3.85 3.85 3.85 3.84 3.84 3.83 3.83 3.82 3.81 3.80 3.79 3.77 3.76 3.74 3.73 3.71
2.07 2.08 2.09 2.10 2.12 2.14 2.15 2.17 2.20 2.22 2.25 2.27 2.30 2.33 2.36 2.39 2.43 2.46 2.49 2.53 2.57 2.60 2.64 2.68 2.72 2.76 2.80 2.84 2.88 2.92 2.96 3.00 3.04 3.08 3.12 3.16 3.20 3.24 3.28 3.32 3.35 3.39 3.42 3.46 3.49 3.52 3.55 3.58 3.61 3.64 3.66 3.69 3.71 3.73 3.75 3.77 3.78 3.80 3.81 3.82 3.83 3.84 3.85 3.85 3.86 3.86 3.86 3.86 3.85 3.85 3.84 3.83 3.82 3.81 3.80 3.78 3.77 3.75 3.73 3.71 3.69 3.67
2.03 2.04 2.05 2.07 2.08 2.10 2.12 2.15 2.17 2.20 2.22 2.25 2.28 2.32 2.35 2.38 2.42 2.45 2.49 2.53 2.57 2.61 2.65 2.69 2.73 2.77 2.81 2.85 2.90 2.94 2.98 3.02 3.06 3.11 3.15 3.19 3.23 3.27 3.31 3.34 3.38 3.42 3.45 3.49 3.52 3.55 3.58 3.61 3.64 3.67 3.69 3.72 3.74 3.76 3.78 3.80 3.81 3.83 3.84 3.85 3.86 3.86 3.87 3.87 3.87 3.87 3.87 3.87 3.86 3.85 3.85 3.83 3.82 3.81 3.79 3.77 3.76 3.73 3.71 3.69 3.67 3.64
1.98 2.00 2.01 2.03 2.05 2.07 2.09 2.12 2.14 2.17 2.20 2.23 2.27 2.30 2.34 2.37 2.41 2.45 2.49 2.53 2.57 2.61 2.65 2.69 2.74 2.78 2.82 2.87 2.91 2.95 3.00 3.04 3.08 3.13 3.17 3.21 3.25 3.29 3.33 3.37 3.41 3.45 3.48 3.52 3.55 3.58 3.62 3.64 3.67 3.70 3.73 3.75 3.77 3.79 3.81 3.83 3.84 3.85 3.87 3.87 3.88 3.89 3.89 3.89 3.89 3.89 3.89 3.88 3.87 3.86 3.85 3.84 3.82 3.81 3.79 3.77 3.74 3.72 3.70 3.67 3.64 3.61
1.94 1.96 1.97 1.99 2.01 2.04 2.06 2.09 2.12 2.15 2.18 2.21 2.25 2.28 2.32 2.36 2.40 2.44 2.48 2.52 2.57 2.61 2.65 2.70 2.74 2.79 2.83 2.88 2.92 2.97 3.01 3.06 3.10 3.15 3.19 3.24 3.28 3.32 3.36 3.40 3.44 3.48 3.51 3.55 3.58 3.62 3.65 3.68 3.71 3.73 3.76 3.78 3.80 3.82 3.84 3.86 3.87 3.88 3.89 3.90 3.91 3.91 3.91 3.92 3.91 3.91 3.90 3.90 3.89 3.87 3.86 3.84 3.83 3.81 3.78 3.76 3.74 3.71 3.68 3.65 3.62 3.59
1.90 1.91 1.93 1.96 1.98 2.00 2.03 2.06 2.09 2.12 2.16 2.19 2.23 2.27 2.31 2.35 2.39 2.43 2.48 2.52 2.56 2.61 2.66 2.70 2.75 2.80 2.84 2.89 2.94 2.98 3.03 3.08 3.12 3.17 3.21 3.26 3.30 3.35 3.39 3.43 3.47 3.51 3.54 3.58 3.62 3.65 3.68 3.71 3.74 3.77 3.79 3.81 3.84 3.86 3.87 3.89 3.90 3.91 3.92 3.93 3.94 3.94 3.94 3.94 3.94 3.93 3.92 3.91 3.90 3.89 3.87 3.85 3.83 3.81 3.78 3.76 3.73 3.70 3.67 3.64 3.60 3.57
1.85 1.87 1.89 1.92 1.94 1.97 2.00 2.03 2.06 2.10 2.14 2.17 2.21 2.25 2.29 2.34 2.38 2.42 2.47 2.52 2.56 2.61 2.66 2.71 2.76 2.80 2.85 2.90 2.95 3.00 3.05 3.10 3.14 3.19 3.24 3.28 3.33 3.37 3.41 3.46 3.50 3.54 3.57 3.61 3.65 3.68 3.71 3.74 3.77 3.80 3.82 3.85 3.87 3.89 3.91 3.92 3.93 3.95 3.95 3.96 3.96 3.97 3.97 3.96 3.96 3.95 3.94 3.93 3.92 3.90 3.88 3.86 3.84 3.81 3.79 3.76 3.73 3.70 3.66 3.63 3.59 3.55
1.81 1.83 1.85 1.88 1.91 1.94 1.97 2.00 2.04 2.07 2.11 2.15 2.19 2.24 2.28 2.32 2.37 2.42 2.46 2.51 2.56 2.61 2.66 2.71 2.76 2.81 2.86 2.91 2.96 3.01 3.06 3.11 3.16 3.21 3.26 3.31 3.35 3.40 3.44 3.48 3.53 3.57 3.61 3.64 3.68 3.71 3.75 3.78 3.81 3.83 3.86 3.88 3.90 3.92 3.94 3.95 3.97 3.98 3.99 3.99 3.99 4.00 3.99 3.99 3.98 3.98 3.96 3.95 3.94 3.92 3.90 3.88 3.85 3.82 3.79 3.76 3.73 3.69 3.66 3.62 3.58 3.54
1.76 1.79 1.81 1.84 1.87 1.90 1.94 1.97 2.01 2.05 2.09 2.13 2.17 2.22 2.26 2.31 2.36 2.41 2.46 2.51 2.56 2.61 2.66 2.71 2.77 2.82 2.87 2.92 2.98 3.03 3.08 3.13 3.18 3.23 3.28 3.33 3.38 3.42 3.47 3.51 3.56 3.60 3.64 3.67 3.71 3.75 3.78 3.81 3.84 3.87 3.89 3.92 3.94 3.96 3.97 3.99 4.00 4.01 4.02 4.02 4.03 4.03 4.02 4.02 4.01 4.00 3.99 3.97 3.96 3.94 3.92 3.89 3.86 3.83 3.80 3.77 3.73 3.70 3.66 3.61 3.57 3.53
1.72 1.75 1.77 1.80 1.84 1.87 1.91 1.94 1.98 2.02 2.07 2.11 2.15 2.20 2.25 2.30 2.35 2.40 2.45 2.50 2.56 2.61 2.66 2.72 2.77 2.83 2.88 2.93 2.99 3.04 3.10 3.15 3.20 3.25 3.30 3.35 3.40 3.45 3.50 3.54 3.58 3.63 3.67 3.71 3.74 3.78 3.81 3.85 3.88 3.90 3.93 3.95 3.97 3.99 4.01 4.02 4.04 4.05 4.05 4.06 4.06 4.06 4.05 4.05 4.04 4.03 4.02 4.00 3.98 3.96 3.94 3.91 3.88 3.85 3.82 3.78 3.74 3.70 3.66 3.61 3.57 3.52
1.68 1.70 1.73 1.77 1.80 1.84 1.87 1.91 1.95 2.00 2.04 2.09 2.14 2.18 2.23 2.29 2.34 2.39 2.44 2.50 2.55 2.61 2.66 2.72 2.78 2.83 2.89 2.94 3.00 3.06 3.11 3.17 3.22 3.27 3.32 3.38 3.43 3.47 3.52 3.57 3.61 3.66 3.70 3.74 3.78 3.81 3.85 3.88 3.91 3.94 3.97 3.99 4.01 4.03 4.05 4.06 4.07 4.08 4.09 4.09 4.09 4.09 4.09 4.08 4.07 4.06 4.04 4.03 4.01 3.98 3.96 3.93 3.90 3.87 3.83 3.79 3.75 3.71 3.66 3.62 3.57 3.52
1.63 1.66 1.69 1.73 1.76 1.80 1.84 1.88 1.93 1.97 2.02 2.07 2.12 2.17 2.22 2.27 2.33 2.38 2.44 2.49 2.55 2.61 2.66 2.72 2.78 2.84 2.90 2.95 3.01 3.07 3.13 3.18 3.24 3.29 3.35 3.40 3.45 3.50 3.55 3.60 3.64 3.69 3.73 3.77 3.81 3.85 3.88 3.92 3.95 3.98 4.00 4.03 4.05 4.07 4.08 4.10 4.11 4.12 4.12 4.13 4.13 4.13 4.12 4.11 4.10 4.09 4.07 4.06 4.03 4.01 3.98 3.95 3.92 3.89 3.85 3.81 3.76 3.72 3.67 3.62 3.57 3.52
