Output/output1.asc
NCOLS          206       
NROWS          108       
XLLCENTER      5940.22   
YLLCENTER      25844.17  
DX             200.00    
DY             200.00    
NODATA_VALUE   -999.00   
[rows 0 to 36 of 108, columns 82 to 163 of 206]
10.41 10.77 11.13 11.50 11.88 12.26 12.64 13.03 13.42 13.82 14.22 14.63 15.04 15.45 15.87 16.29 16.72 17.14 17.57 18.01 18.44 18.88 19.32 19.76 20.21 20.65 21.10 21.55 22.00 22.45 22.90 23.35 23.81 24.26 24.72 25.17 25.63 26.08 26.54 26.99 27.44 27.89 28.35 28.80 29.25 29.69 30.14 30.58 31.03 31.47 31.91 32.34 32.78 33.21 33.64 34.06 34.49 34.91 35.32 35.74 36.15 36.56 36.96 37.36 37.76 38.15 38.54 38.92 39.30 39.68 40.05 40.42 40.78 41.14 41.50 41.85 42.19 42.53 42.87 43.20 43.52 43.84
10.28 10.64 11.00 11.36 11.73 12.10 12.48 12.87 13.25 13.65 14.04 14.44 14.85 15.25 15.66 16.08 16.50 16.92 17.34 17.77 18.20 18.63 19.06 19.50 19.94 20.38 20.82 21.26 21.71 22.15 22.60 23.04 23.49 23.94 24.39 24.84 25.29 25.74 26.19 26.64 27.08 27.53 27.98 28.42 28.87 29.31 29.75 30.19 30.63 31.07 31.50 31.94 32.37 32.79 33.22 33.64 34.06 34.48 34.90 35.31 35.72 36.12 36.52 36.92 37.32 37.71 38.09 38.48 38.86 39.23 39.61 39.97 40.34 40.69 41.05 41.40 41.74 42.08 42.42 42.75 43.08 43.40
10.16 10.51 10.86 11.22 11.58 11.95 12.32 12.70 13.08 13.47 13.86 14.25 14.65 15.05 15.45 15.86 16.27 16.69 17.11 17.53 17.95 18.37 18.80 19.23 19.66 20.10 20.53 20.97 21.41 21.85 22.29 22.73 23.17 23.62 24.06 24.50 24.95 25.39 25.83 26.28 26.72 27.16 27.60 28.04 28.48 28.92 29.36 29.80 30.23 30.66 31.09 31.52 31.95 32.37 32.80 33.21 33.63 34.05 34.46 34.87 35.27 35.68 36.08 36.47 36.87 37.26 37.64 38.02 38.40 38.78 39.15 39.51 39.88 40.24 40.59 40.94 41.29 41.63 41.96 42.30 42.62 42.95
10.03 10.38 10.72 11.08 11.43 11.79 12.16 12.53 12.91 13.29 13.67 14.06 14.45 14.84 15.24 15.64 16.05 16.46 16.87 17.28 17.70 18.12 18.54 18.96 19.39 19.82 20.24 20.68 21.11 21.54 21.98 22.41 22.85 23.28 23.72 24.16 24.60 25.04 25.47 25.91 26.35 26.79 27.22 27.66 28.09 28.53 28.96 29.39 29.82 30.25 30.68 31.10 31.52 31.94 32.36 32.78 33.19 33.61 34.01 34.42 34.82 35.23 35.62 36.02 36.41 36.80 37.18 37.56 37.94 38.31 38.68 39.05 39.41 39.77 40.12 40.47 40.82 41.16 41.50 41.83 42.16 42.48
9.91 10.24 10.58 10.93 11.28 11.64 12.00 12.36 12.73 13.10 13.48 13.86 14.25 14.64 15.03 15.42 15.82 16.22 16.63 17.04 17.45 17.86 18.27 18.69 19.11 19.53 19.95 20.38 20.80 21.23 21.66 22.09 22.52 22.95 23.38 23.81 24.24 24.68 25.11 25.54 25.97 26.41 26.84 27.27 27.70 28.13 28.55 28.98 29.41 29.83 30.25 30.67 31.09 31.51 31.93 32.34 32.75 33.16 33.56 33.97 34.37 34.77 35.16 35.55 35.94 36.33 36.71 37.09 37.47 37.84 38.21 38.57 38.94 39.29 39.65 40.00 40.34 40.69 41.02 41.36 41.69 42.01
9.78 10.11 10.45 10.79 11.13 11.48 11.83 12.19 12.55 12.92 13.29 13.67 14.04 14.43 14.81 15.20 15.59 15.99 16.39 16.79 17.19 17.60 18.00 18.41 18.83 19.24 19.66 20.07 20.49 20.91 21.34 21.76 22.18 22.61 23.03 23.46 23.89 24.31 24.74 25.17 25.59 26.02 26.45 26.87 27.30 27.72 28.14 28.57 28.99 29.41 29.82 30.24 30.66 31.07 31.48 31.89 32.30 32.70 33.11 33.51 33.90 34.30 34.69 35.08 35.47 35.85 36.24 36.61 36.99 37.36 37.73 38.09 38.45 38.81 39.16 39.51 39.86 40.20 40.54 40.88 41.21 41.53
9.65 9.98 10.30 10.64 10.98 11.32 11.67 12.02 12.38 12.74 13.10 13.47 13.84 14.21 14.59 14.98 15.36 15.75 16.14 16.53 16.93 17.33 17.73 18.13 18.54 18.95 19.36 19.77 20.18 20.60 21.01 21.43 21.85 22.26 22.68 23.10 23.52 23.95 24.37 24.79 25.21 25.63 26.05 26.47 26.89 27.31 27.73 28.14 28.56 28.97 29.39 29.80 30.21 30.62 31.03 31.43 31.84 32.24 32.64 33.04 33.43 33.83 34.22 34.60 34.99 35.37 35.75 36.13 36.50 36.87 37.24 37.60 37.96 38.32 38.67 39.02 39.37 39.71 40.05 40.39 40.72 41.04
9.52 9.84 10.16 10.49 10.82 11.16 11.50 11.85 12.20 12.55 12.91 13.27 13.63 14.00 14.37 14.75 15.13 15.51 15.89 16.28 16.67 17.06 17.46 17.85 18.25 18.65 19.06 19.46 19.87 20.27 20.68 21.09 21.50 21.92 22.33 22.74 23.16 23.57 23.99 24.40 24.82 25.23 25.65 26.06 26.48 26.89 27.30 27.72 28.13 28.54 28.95 29.36 29.76 30.17 30.57 30.97 31.37 31.77 32.17 32.56 32.96 33.35 33.73 34.12 34.50 34.88 35.26 35.63 36.01 36.38 36.74 37.10 37.46 37.82 38.17 38.52 38.87 39.21 39.55 39.89 40.22 40.55
9.39 9.70 10.02 10.34 10.67 11.00 11.33 11.67 12.01 12.36 12.71 13.07 13.42 13.79 14.15 14.52 14.89 15.26 15.64 16.02 16.40 16.79 17.18 17.57 17.96 18.35 18.75 19.15 19.55 19.95 20.35 20.75 21.16 21.57 21.97 22.38 22.79 23.20 23.60 24.01 24.42 24.83 25.24 25.65 26.06 26.47 26.88 27.28 27.69 28.10 28.50 28.90 29.31 29.71 30.11 30.51 30.90 31.30 31.69 32.08 32.47 32.86 33.24 33.63 34.01 34.39 34.76 35.14 35.51 35.87 36.24 36.60 36.96 37.31 37.67 38.02 38.36 38.71 39.05 39.38 39.71 40.04
9.26 9.57 9.88 10.19 10.51 10.84 11.16 11.50 11.83 12.17 12.52 12.86 13.21 13.57 13.93 14.29 14.65 15.02 15.39 15.76 16.14 16.52 16.90 17.28 17.67 18.05 18.44 18.83 19.23 19.62 20.02 20.41 20.81 21.21 21.61 22.01 22.41 22.82 23.22 23.62 24.02 24.43 24.83 25.24 25.64 26.04 26.45 26.85 27.25 27.65 28.05 28.45 28.85 29.24 29.64 30.03 30.43 30.82 31.21 31.60 31.98 32.37 32.75 33.13 33.51 33.88 34.26 34.63 35.00 35.36 35.73 36.09 36.45 36.80 37.15 37.50 37.85 38.19 38.53 38.87 39.20 39.53
9.13 9.43 9.73 10.04 10.36 10.67 10.99 11.32 11.65 11.98 12.32 12.66 13.00 13.35 13.70 14.06 14.41 14.77 15.14 15.50 15.87 16.24 16.62 16.99 17.37 17.75 18.13 18.52 18.90 19.29 19.68 20.07 20.46 20.85 21.24 21.64 22.03 22.43 22.83 23.22 23.62 24.02 24.42 24.82 25.21 25.61 26.01 26.41 26.80 27.20 27.59 27.99 28.38 28.77 29.17 29.56 29.94 30.33 30.72 31.10 31.49 31.87 32.25 32.63 33.00 33.38 33.75 34.12 34.48 34.85 35.21 35.57 35.93 36.28 36.63 36.98 37.33 37.67 38.01 38.35 38.68 39.01
9.00 9.29 9.59 9.89 10.20 10.51 10.82 11.14 11.46 11.79 12.12 12.45 12.79 13.13 13.47 13.82 14.17 14.52 14.88 15.24 15.60 15.96 16.33 16.70 17.07 17.44 17.82 18.19 18.57 18.95 19.34 19.72 20.10 20.49 20.88 21.26 21.65 22.04 22.43 22.82 23.22 23.61 24.00 24.39 24.78 25.18 25.57 25.96 26.35 26.74 27.13 27.52 27.91 28.30 28.69 29.07 29.46 29.84 30.22 30.61 30.99 31.36 31.74 32.12 32.49 32.86 33.23 33.60 33.96 34.33 34.69 35.05 35.40 35.76 36.11 36.46 36.80 37.14 37.48 37.82 38.16 38.49
8.87 9.16 9.45 9.74 10.04 10.34 10.65 10.96 11.28 11.60 11.92 12.25 12.58 12.91 13.25 13.59 13.93 14.27 14.62 14.97 15.33 15.68 16.04 16.41 16.77 17.13 17.50 17.87 18.24 18.62 18.99 19.37 19.75 20.12 20.51 20.89 21.27 21.65 22.04 22.42 22.81 23.19 23.58 23.96 24.35 24.74 25.12 25.51 25.89 26.28 26.67 27.05 27.44 27.82 28.20 28.58 28.97 29.35 29.72 30.10 30.48 30.85 31.23 31.60 31.97 32.34 32.71 33.07 33.44 33.80 34.16 34.52 34.87 35.22 35.57 35.92 36.27 36.61 36.95 37.29 37.62 37.96
8.74 9.02 9.30 9.59 9.88 10.18 10.48 10.78 11.09 11.40 11.72 12.04 12.36 12.69 13.02 13.35 13.68 14.02 14.36 14.71 15.05 15.40 15.76 16.11 16.47 16.82 17.18 17.55 17.91 18.28 18.65 19.01 19.39 19.76 20.13 20.51 20.88 21.26 21.63 22.01 22.39 22.77 23.15 23.53 23.91 24.29 24.67 25.05 25.44 25.82 26.20 26.58 26.96 27.33 27.71 28.09 28.47 28.84 29.22 29.59 29.97 30.34 30.71 31.08 31.45 31.81 32.18 32.54 32.90 33.26 33.62 33.98 34.33 34.68 35.03 35.38 35.73 36.07 36.41 36.75 37.08 37.42
8.61 8.88 9.16 9.44 9.72 10.01 10.31 10.60 10.90 11.21 11.52 11.83 12.15 12.46 12.79 13.11 13.44 13.77 14.10 14.44 14.78 15.12 15.47 15.81 16.16 16.51 16.87 17.22 17.58 17.94 18.30 18.66 19.02 19.39 19.75 20.12 20.49 20.86 21.23 21.60 21.98 22.35 22.72 23.10 23.47 23.85 24.22 24.60 24.97 25.35 25.72 26.10 26.47 26.85 27.22 27.59 27.97 28.34 28.71 29.08 29.45 29.82 30.19 30.55 30.92 31.28 31.65 32.01 32.37 32.73 33.08 33.44 33.79 34.14 34.49 34.84 35.18 35.52 35.87 36.20 36.54 36.87
8.47 8.74 9.01 9.28 9.56 9.85 10.13 10.42 10.72 11.01 11.32 11.62 11.93 12.24 12.55 12.87 13.19 13.52 13.84 14.17 14.50 14.84 15.17 15.51 15.85 16.20 16.54 16.89 17.24 17.59 17.95 18.30 18.66 19.02 19.37 19.74 20.10 20.46 20.82 21.19 21.56 21.92 22.29 22.66 23.03 23.40 23.77 24.13 24.50 24.87 25.25 25.62 25.99 26.35 26.72 27.09 27.46 27.83 28.20 28.56 28.93 29.30 29.66 30.02 30.39 30.75 31.11 31.47 31.83 32.18 32.54 32.89 33.24 33.59 33.94 34.29 34.63 34.97 35.31 35.65 35.99 36.32
8.34 8.60 8.86 9.13 9.40 9.68 9.96 10.24 10.53 10.82 11.11 11.41 11.71 12.01 12.32 12.63 12.94 13.26 13.58 13.90 14.23 14.55 14.88 15.21 15.55 15.88 16.22 16.56 16.90 17.25 17.59 17.94 18.29 18.64 18.99 19.35 19.70 20.06 20.42 20.77 21.13 21.49 21.86 22.22 22.58 22.94 23.31 23.67 24.03 24.40 24.76 25.13 25.49 25.86 26.22 26.59 26.95 27.32 27.68 28.04 28.41 28.77 29.13 29.49 29.85 30.21 30.57 30.92 31.28 31.63 31.99 32.34 32.69 33.04 33.39 33.73 34.08 34.42 34.76 35.10 35.43 35.77
8.21 8.46 8.72 8.98 9.24 9.51 9.79 10.06 10.34 10.62 10.91 11.20 11.49 11.79 12.09 12.39 12.70 13.01 13.32 13.63 13.95 14.27 14.59 14.91 15.24 15.57 15.90 16.23 16.56 16.90 17.24 17.58 17.92 18.27 18.61 18.96 19.31 19.65 20.01 20.36 20.71 21.06 21.42 21.77 22.13 22.49 22.85 23.20 23.56 23.92 24.28 24.64 25.00 25.36 25.72 26.08 26.44 26.80 27.16 27.52 27.88 28.24 28.60 28.95 29.31 29.67 30.02 30.38 30.73 31.08 31.43 31.78 32.13 32.48 32.83 33.17 33.51 33.86 34.20 34.54 34.87 35.21
8.08 8.32 8.57 8.83 9.08 9.35 9.61 9.88 10.15 10.43 10.71 10.99 11.28 11.56 11.86 12.15 12.45 12.75 13.05 13.36 13.67 13.98 14.29 14.61 14.93 15.25 15.57 15.90 16.22 16.55 16.88 17.22 17.55 17.89 18.23 18.57 18.91 19.25 19.59 19.94 20.28 20.63 20.98 21.33 21.68 22.03 22.38 22.73 23.09 23.44 23.79 24.15 24.50 24.86 25.21 25.57 25.93 26.28 26.64 26.99 27.35 27.70 28.06 28.41 28.76 29.12 29.47 29.82 30.17 30.52 30.87 31.22 31.57 31.92 32.26 32.61 32.95 33.29 33.63 33.97 34.31 34.64
7.94 8.18 8.43 8.67 8.93 9.18 9.44 9.70 9.96 10.23 10.50 10.78 11.06 11.34 11.62 11.91 12.20 12.49 12.79 13.09 13.39 13.69 14.00 14.31 14.62 14.93 15.24 15.56 15.88 16.20 16.53 16.85 17.18 17.51 17.84 18.17 18.51 18.84 19.18 19.52 19.86 20.20 20.54 20.88 21.22 21.57 21.92 22.26 22.61 22.96 23.31 23.65 24.00 24.35 24.70 25.06 25.41 25.76 26.11 26.46 26.81 27.16 27.51 27.87 28.22 28.57 28.92 29.27 29.62 29.96 30.31 30.66 31.01 31.35 31.69 32.04 32.38 32.72 33.06 33.40 33.74 34.07
7.81 8.05 8.28 8.52 8.77 9.01 9.26 9.52 9.78 10.04 10.30 10.57 10.84 11.11 11.39 11.67 11.95 12.24 12.52 12.81 13.11 13.40 13.70 14.00 14.30 14.61 14.92 15.23 15.54 15.85 16.17 16.49 16.81 17.13 17.45 17.78 18.10 18.43 18.76 19.09 19.43 19.76 20.10 20.43 20.77 21.11 21.45 21.79 22.13 22.47 22.81 23.16 23.50 23.85 24.19 24.54 24.89 25.23 25.58 25.93 26.27 26.62 26.97 27.32 27.67 28.01 28.36 28.71 29.05 29.40 29.75 30.09 30.44 30.78 31.12 31.47 31.81 32.15 32.49 32.83 33.16 33.50
7.68 7.91 8.14 8.37 8.61 8.85 9.09 9.34 9.59 9.84 10.10 10.36 10.62 10.89 11.15 11.43 11.70 11.98 12.26 12.54 12.83 13.11 13.40 13.70 13.99 14.29 14.59 14.89 15.20 15.50 15.81 16.12 16.43 16.75 17.06 17.38 17.70 18.02 18.35 18.67 19.00 19.32 19.65 19.98 20.31 20.64 20.98 21.31 21.65 21.98 22.32 22.66 23.00 23.34 23.68 24.02 24.36 24.71 25.05 25.39 25.73 26.08 26.42 26.77 27.11 27.46 27.80 28.15 28.49 28.83 29.18 29.52 29.86 30.21 30.55 30.89 31.23 31.57 31.91 32.25 32.59 32.92
7.55 7.77 7.99 8.22 8.45 8.68 8.92 9.16 9.40 9.65 9.89 10.15 10.40 10.66 10.92 11.18 11.45 11.72 11.99 12.27 12.55 12.83 13.11 13.39 13.68 13.97 14.26 14.56 14.85 15.15 15.45 15.76 16.06 16.37 16.68 16.99 17.30 17.61 17.93 18.24 18.56 18.88 19.21 19.53 19.85 20.18 20.51 20.84 21.16 21.50 21.83 22.16 22.49 22.83 23.16 23.50 23.84 24.18 24.51 24.85 25.19 25.53 25.87 26.21 26.56 26.90 27.24 27.58 27.92 28.26 28.61 28.95 29.29 29.63 29.97 30.31 30.65 30.99 31.33 31.67 32.01 32.34
7.42 7.63 7.85 8.07 8.29 8.52 8.74 8.98 9.21 9.45 9.69 9.94 10.18 10.43 10.69 10.94 11.20 11.46 11.73 12.00 12.26 12.54 12.81 13.09 13.37 13.65 13.93 14.22 14.51 14.80 15.09 15.39 15.69 15.98 16.29 16.59 16.89 17.20 17.51 17.82 18.13 18.44 18.76 19.08 19.39 19.71 20.03 20.36 20.68 21.01 21.33 21.66 21.99 22.32 22.65 22.98 23.31 23.64 23.98 24.31 24.65 24.99 25.32 25.66 26.00 26.34 26.68 27.01 27.35 27.69 28.03 28.37 28.71 29.05 29.39 29.73 30.07 30.41 30.75 31.09 31.42 31.76
7.29 7.50 7.70 7.92 8.13 8.35 8.57 8.80 9.02 9.26 9.49 9.73 9.97 10.21 10.45 10.70 10.95 11.21 11.46 11.72 11.98 12.25 12.52 12.78 13.06 13.33 13.61 13.88 14.17 14.45 14.73 15.02 15.31 15.60 15.90 16.19 16.49 16.79 17.09 17.39 17.70 18.00 18.31 18.62 18.93 19.25 19.56 19.88 20.20 20.51 20.84 21.16 21.48 21.80 22.13 22.46 22.78 23.11 23.44 23.77 24.10 24.44 24.77 25.10 25.44 25.77 26.11 26.45 26.78 27.12 27.46 27.80 28.13 28.47 28.81 29.15 29.49 29.82 30.16 30.50 30.84 31.17
7.16 7.36 7.56 7.77 7.97 8.19 8.40 8.62 8.84 9.06 9.29 9.52 9.75 9.98 10.22 10.46 10.71 10.95 11.20 11.45 11.70 11.96 12.22 12.48 12.74 13.01 13.28 13.55 13.82 14.10 14.38 14.66 14.94 15.22 15.51 15.79 16.09 16.38 16.67 16.97 17.26 17.56 17.87 18.17 18.47 18.78 19.09 19.40 19.71 20.02 20.34 20.65 20.97 21.29 21.61 21.93 22.25 22.58 22.90 23.23 23.56 23.89 24.22 24.55 24.88 25.21 25.54 25.88 26.21 26.54 26.88 27.22 27.55 27.89 28.23 28.56 28.90 29.24 29.58 29.91 30.25 30.59
7.03 7.22 7.42 7.62 7.82 8.02 8.23 8.44 8.65 8.87 9.09 9.31 9.53 9.76 9.99 10.22 10.46 10.70 10.94 11.18 11.43 11.67 11.92 12.18 12.43 12.69 12.95 13.21 13.48 13.75 14.02 14.29 14.56 14.84 15.12 15.40 15.68 15.97 16.25 16.54 16.83 17.12 17.42 17.72 18.01 18.31 18.62 18.92 19.22 19.53 19.84 20.15 20.46 20.78 21.09 21.41 21.73 22.05 22.37 22.69 23.01 23.34 23.66 23.99 24.32 24.64 24.97 25.30 25.64 25.97 26.30 26.64 26.97 27.31 27.64 27.98 28.31 28.65 28.99 29.32 29.66 30.00
6.91 7.09 7.28 7.47 7.66 7.86 8.06 8.26 8.47 8.68 8.89 9.10 9.32 9.54 9.76 9.98 10.21 10.44 10.67 10.91 11.15 11.39 11.63 11.88 12.12 12.37 12.63 12.88 13.14 13.40 13.66 13.92 14.19 14.46 14.73 15.00 15.28 15.55 15.83 16.12 16.40 16.68 16.97 17.26 17.55 17.85 18.14 18.44 18.74 19.04 19.34 19.65 19.95 20.26 20.57 20.88 21.20 21.51 21.83 22.14 22.46 22.78 23.11 23.43 23.75 24.08 24.41 24.73 25.06 25.39 25.72 26.05 26.39 26.72 27.05 27.39 27.72 28.06 28.40 28.73 29.07 29.41
6.78 6.96 7.14 7.32 7.51 7.70 7.89 8.09 8.28 8.48 8.69 8.89 9.10 9.32 9.53 9.75 9.97 10.19 10.41 10.64 10.87 11.10 11.34 11.57 11.81 12.06 12.30 12.55 12.80 13.05 13.30 13.56 13.82 14.08 14.34 14.61 14.87 15.14 15.42 15.69 15.97 16.25 16.53 16.81 17.09 17.38 17.67 17.96 18.25 18.55 18.85 19.15 19.45 19.75 20.05 20.36 20.67 20.98 21.29 21.60 21.92 22.23 22.55 22.87 23.19 23.51 23.84 24.16 24.49 24.81 25.14 25.47 25.80 26.13 26.47 26.80 27.13 27.47 27.80 28.14 28.48 28.81
6.65 6.83 7.00 7.18 7.36 7.54 7.72 7.91 8.10 8.29 8.49 8.69 8.89 9.09 9.30 9.51 9.72 9.94 10.15 10.37 10.59 10.82 11.04 11.27 11.51 11.74 11.98 12.21 12.46 12.70 12.95 13.19 13.45 13.70 13.95 14.21 14.47 14.74 15.00 15.27 15.54 15.81 16.08 16.36 16.64 16.92 17.20 17.48 17.77 18.06 18.35 18.64 18.94 19.24 19.53 19.84 20.14 20.44 20.75 21.06 21.37 21.68 21.99 22.31 22.63 22.95 23.27 23.59 23.91 24.24 24.56 24.89 25.22 25.55 25.88 26.21 26.54 26.88 27.21 27.55 27.88 28.22
6.53 6.69 6.86 7.03 7.20 7.38 7.56 7.74 7.92 8.11 8.29 8.49 8.68 8.87 9.07 9.27 9.48 9.68 9.89 10.10 10.32 10.53 10.75 10.97 11.20 11.42 11.65 11.88 12.12 12.35 12.59 12.83 13.08 13.32 13.57 13.82 14.07 14.33 14.58 14.84 15.11 15.37 15.64 15.91 16.18 16.45 16.73 17.01 17.29 17.57 17.85 18.14 18.43 18.72 19.02 19.31 19.61 19.91 20.21 20.52 20.82 21.13 21.44 21.75 22.06 22.38 22.70 23.02 23.34 23.66 23.98 24.31 24.63 24.96 25.29 25.62 25.95 26.29 26.62 26.95 27.29 27.63
6.41 6.56 6.72 6.89 7.05 7.22 7.39 7.56 7.74 7.92 8.10 8.28 8.47 8.66 8.85 9.04 9.24 9.44 9.64 9.84 10.05 10.25 10.46 10.68 10.89 11.11 11.33 11.56 11.78 12.01 12.24 12.47 12.71 12.95 13.19 13.43 13.67 13.92 14.17 14.42 14.68 14.94 15.20 15.46 15.72 15.99 16.26 16.53 16.80 17.08 17.36 17.64 17.93 18.21 18.50 18.79 19.08 19.38 19.67 19.97 20.28 20.58 20.89 21.19 21.50 21.82 22.13 22.44 22.76 23.08 23.40 23.73 24.05 24.38 24.70 25.03 25.36 25.69 26.03 26.36 26.70 27.03
6.29 6.44 6.59 6.75 6.90 7.06 7.23 7.39 7.56 7.73 7.91 8.08 8.26 8.44 8.62 8.81 9.00 9.19 9.38 9.58 9.77 9.97 10.18 10.38 10.59 10.80 11.01 11.23 11.45 11.67 11.89 12.11 12.34 12.57 12.80 13.04 13.28 13.52 13.76 14.00 14.25 14.50 14.75 15.01 15.27 15.53 15.79 16.06 16.32 16.59 16.87 17.14 17.42 17.70 17.98 18.27 18.56 18.85 19.14 19.43 19.73 20.03 20.33 20.64 20.94 21.25 21.56 21.87 22.19 22.51 22.82 23.14 23.47 23.79 24.12 24.44 24.77 25.10 25.44 25.77 26.10 26.44
6.17 6.31 6.46 6.60 6.76 6.91 7.07 7.22 7.39 7.55 7.71 7.88 8.05 8.23 8.40 8.58 8.76 8.94 9.13 9.31 9.50 9.70 9.89 10.09 10.29 10.49 10.70 10.90 11.11 11.32 11.54 11.76 11.98 12.20 12.42 12.65 12.88 13.11 13.35 13.59 13.83 14.07 14.32 14.56 14.82 15.07 15.33 15.58 15.85 16.11 16.38 16.65 16.92 17.19 17.47 17.75 18.03 18.32 18.61 18.90 19.19 19.48 19.78 20.08 20.38 20.69 21.00 21.31 21.62 21.93 22.25 22.56 22.88 23.21 23.53 23.86 24.18 24.51 24.84 25.18 25.51 25.85
6.05 6.18 6.32 6.47 6.61 6.76 6.91 7.06 7.21 7.37 7.53 7.69 7.85 8.01 8.18 8.35 8.52 8.70 8.88 9.06 9.24 9.42 9.61 9.80 9.99 10.18 10.38 10.58 10.78 10.99 11.19 11.40 11.61 11.83 12.05 12.27 12.49 12.71 12.94 13.17 13.40 13.64 13.88 14.12 14.37 14.61 14.86 15.11 15.37 15.63 15.89 16.15 16.42 16.69 16.96 17.23 17.51 17.79 18.07 18.36 18.65 18.94 19.23 19.53 19.83 20.13 20.43 20.74 21.05 21.36 21.67 21.99 22.30 22.62 22.95 23.27 23.60 23.92 24.25 24.59 24.92 25.26
5.93 6.06 6.19 6.33 6.47 6.61 6.75 6.89 7.04 7.19 7.34 7.49 7.65 7.80 7.96 8.13 8.29 8.46 8.63 8.80 8.97 9.15 9.33 9.51 9.69 9.88 10.07 10.26 10.45 10.65 10.85 11.05 11.25 11.46 11.67 11.88 12.10 12.32 12.54 12.76 12.99 13.21 13.45 13.68 13.92 14.16 14.40 14.65 14.90 15.15 15.40 15.66 15.92 16.18 16.45 16.72 16.99 17.27 17.54 17.83 18.11 18.40 18.68 18.98 19.27 19.57 19.87 20.17 20.48 20.79 21.10 21.41 21.73 22.04 22.36 22.69 23.01 23.34 23.67 24.00 24.33 24.66
5.81 5.94 6.07 6.19 6.32 6.46 6.59 6.73 6.87 7.01 7.15 7.30 7.45 7.60 7.75 7.90 8.06 8.22 8.38 8.54 8.71 8.88 9.05 9.22 9.40 9.58 9.76 9.94 10.13 10.32 10.51 10.70 10.90 11.10 11.30 11.50 11.71 11.92 12.13 12.35 12.57 12.79 13.01 13.24 13.47 13.71 13.94 14.18 14.42 14.67 14.92 15.17 15.43 15.68 15.94 16.21 16.47 16.74 17.02 17.29 17.57 17.85 18.14 18.43 18.72 19.01 19.31 19.61 19.91 20.22 20.52 20.84 21.15 21.46 21.78 22.10 22.43 22.75 23.08 23.41 23.74 24.08
